Digit_temp	id	light	timestamp	acc_z	acc_y	acc_x	motion	pressure	humid
84.92	23341ca4e4830bee	62880	450639	8192	32272	29760	0	101115	35072
84.92	23341ca4e4830bee	62880	450837	8192	32272	29760	0	101107	35072
84.92	23341ca4e4830bee	62880	451028	8192	32272	29760	0	101101	35072
84.92	23341ca4e4830bee	62880	451219	8192	32272	29760	0	101095	35072
84.92	23341ca4e4830bee	62880	451410	8192	32272	29776	0	101105	35040
84.92	23341ca4e4830bee	62880	451601	8192	32272	29776	0	101105	35040
84.92	23341ca4e4830bee	62880	451782	8192	32272	29776	0	101105	35040
84.92	23341ca4e4830bee	62880	451973	8320	32272	29776	0	101105	35040
84.74	23341ca4e4830bee	62880	452164	8320	32256	29824	0	101101	35184
84.92	23341ca4e4830bee	62880	452355	8320	32256	29824	0	101099	35184
84.92	23341ca4e4830bee	62880	452546	8320	32256	29824	0	101101	35184
84.92	23341ca4e4830bee	62880	452737	8320	32256	29824	0	101095	35232
84.92	23341ca4e4830bee	62880	452928	8320	32272	29744	0	101099	35232
84.92	23341ca4e4830bee	62880	453120	8320	32272	29744	0	101107	35232
84.92	23341ca4e4830bee	62880	453311	8320	32272	29744	0	101101	35232
84.92	23341ca4e4830bee	62880	453502	8192	32272	29776	0	101099	35152
84.92	23341ca4e4830bee	62880	453693	8192	32272	29776	0	101105	35152
84.92	23341ca4e4830bee	62880	453884	8192	32272	29776	0	101095	35152
84.92	23341ca4e4830bee	62880	454075	8192	32272	29776	0	101107	35152
84.92	23341ca4e4830bee	62880	454266	8320	32256	29808	0	101103	35152
84.74	23341ca4e4830bee	62880	454507	8320	32256	29808	0	101093	35152
84.92	23341ca4e4830bee	62880	454698	8320	32256	29808	0	101095	35152
84.74	23341ca4e4830bee	62880	454889	8320	32256	29808	0	101101	35248
84.74	23341ca4e4830bee	62880	455080	8320	32288	29776	0	101107	35248
84.74	23341ca4e4830bee	62880	455271	8320	32288	29776	0	101089	35248
84.74	23341ca4e4830bee	62880	455453	8320	32288	29776	0	101095	35248
84.92	23341ca4e4830bee	62880	455644	8192	32208	29776	0	101107	35232
84.92	23341ca4e4830bee	62880	455835	8192	32208	29776	0	101103	35232
84.74	23341ca4e4830bee	62880	456026	8192	32208	29776	0	101099	35232
84.74	23341ca4e4830bee	62880	456217	8192	32208	29776	0	101109	35232
84.74	23341ca4e4830bee	62880	456408	8192	32288	29776	0	101095	35008
84.74	23341ca4e4830bee	62880	456599	8192	32288	29776	0	101099	35008
84.74	23341ca4e4830bee	62880	456790	8192	32288	29776	0	101103	35008
84.74	23341ca4e4830bee	62880	456982	8192	32288	29776	0	101093	35008
84.74	23341ca4e4830bee	62880	457163	8320	32272	29776	0	101107	35184
84.74	23341ca4e4830bee	62880	457354	8320	32272	29776	0	101093	35184
84.74	23341ca4e4830bee	62880	457545	8320	32272	29776	0	101095	35184
84.74	23341ca4e4830bee	62880	457737	8320	32272	29776	0	101101	35184
84.74	23341ca4e4830bee	62880	457928	8192	32288	29760	0	101103	35072
84.92	23341ca4e4830bee	62880	458119	8192	32288	29760	0	101107	35072
84.74	23341ca4e4830bee	62880	458342	8192	32288	29760	0	101101	35072
84.74	23341ca4e4830bee	62880	458523	8192	32288	29760	0	101103	35056
84.74	23341ca4e4830bee	62880	458714	8192	32272	29776	0	101105	35056
84.74	23341ca4e4830bee	62880	458905	8192	32272	29776	0	101091	35056
84.74	23341ca4e4830bee	62880	459096	8192	32272	29776	0	101107	35056
84.74	23341ca4e4830bee	62880	459287	8192	32272	29776	0	101093	35072
84.74	23341ca4e4830bee	62880	459478	8192	32272	29776	0	101103	35072
84.74	23341ca4e4830bee	62880	459669	8192	32272	29776	0	101089	35072
84.74	23341ca4e4830bee	62880	459860	8192	32272	29776	0	101099	35072
84.74	23341ca4e4830bee	62880	460051	8192	32288	29776	0	101095	35232
84.74	23341ca4e4830bee	62880	460243	8192	32288	29776	0	101095	35232
84.74	23341ca4e4830bee	62880	460434	8192	32288	29776	0	101099	35232
84.74	23341ca4e4830bee	62880	460625	8192	32288	29776	0	101095	35232
84.74	23341ca4e4830bee	62880	460817	8192	32240	29792	0	101095	35184
84.74	23341ca4e4830bee	62880	461008	8192	32240	29792	0	101099	35184
84.74	23341ca4e4830bee	62880	461199	8192	32240	29792	0	101095	35184
84.92	23341ca4e4830bee	62880	461390	8192	32240	29792	0	101115	35216
84.74	23341ca4e4830bee	62880	461581	8192	32272	29808	0	101109	35216
84.74	23341ca4e4830bee	62880	461773	8192	32272	29808	0	101101	35216
84.74	23341ca4e4830bee	62880	461964	8192	32272	29808	0	101095	35216
84.74	23341ca4e4830bee	62880	462212	8320	32224	29792	0	101105	35104
84.74	23341ca4e4830bee	62880	462403	8320	32224	29792	0	101095	35104
84.92	23341ca4e4830bee	62880	462584	8320	32224	29792	0	101103	35104
84.74	23341ca4e4830bee	62880	462775	8320	32224	29792	0	101089	35104
84.74	23341ca4e4830bee	62880	462966	8192	32304	29792	0	101107	35136
84.74	23341ca4e4830bee	62880	463157	8192	32304	29792	0	101095	35136
84.74	23341ca4e4830bee	62880	463348	8192	32304	29792	0	101109	35136
84.92	23341ca4e4830bee	62880	463539	8192	32304	29792	0	101103	35136
84.74	23341ca4e4830bee	62880	463730	8192	32256	29824	0	101089	35232
84.74	23341ca4e4830bee	62880	463921	8192	32256	29824	0	101089	35232
84.74	23341ca4e4830bee	62880	464112	8192	32256	29824	0	101093	35232
84.74	23341ca4e4830bee	62880	464294	8320	32256	29824	0	101101	35216
84.74	23341ca4e4830bee	62880	464485	8320	32288	29760	0	101103	35216
84.92	23341ca4e4830bee	62880	464676	8320	32288	29760	0	101107	35216
84.92	23341ca4e4830bee	62880	464867	8320	32288	29760	0	101103	35216
84.74	23341ca4e4830bee	62880	465059	8320	32240	29776	0	101101	35216
84.92	23341ca4e4830bee	62880	465250	8320	32240	29776	0	101103	35216
84.74	23341ca4e4830bee	62880	465441	8320	32240	29776	0	101091	35216
84.74	23341ca4e4830bee	62880	465632	8320	32240	29776	0	101095	35216
84.74	23341ca4e4830bee	62880	465813	8192	32272	29760	0	101095	35248
84.74	23341ca4e4830bee	62880	466055	8192	32272	29760	0	101099	35248
84.92	23341ca4e4830bee	62880	466246	8192	32272	29760	0	101107	35248
84.92	23341ca4e4830bee	62880	466437	8192	32272	29760	0	101115	35248
84.92	23341ca4e4830bee	62880	466628	8192	32288	29792	0	101103	35216
84.74	23341ca4e4830bee	62880	466819	8192	32288	29792	0	101095	35216
84.92	23341ca4e4830bee	62880	467010	8192	32288	29792	0	101107	35216
84.74	23341ca4e4830bee	62880	467201	8320	32288	29792	0	101103	35216
84.74	23341ca4e4830bee	62880	467392	8320	32240	29760	0	101101	35216
84.92	23341ca4e4830bee	62880	467583	8320	32240	29760	0	101103	35216
84.92	23341ca4e4830bee	62880	467764	8320	32240	29760	0	101109	35216
84.74	23341ca4e4830bee	62880	467955	8192	32288	29776	0	101101	35184
84.92	23341ca4e4830bee	62880	468147	8192	32288	29776	0	101101	35184
84.92	23341ca4e4830bee	62880	468338	8192	32288	29776	0	101103	35184
84.92	23341ca4e4830bee	62880	468529	8192	32288	29776	0	101101	35184
84.92	23341ca4e4830bee	62880	468720	8192	32256	29808	0	101099	35088
84.92	23341ca4e4830bee	62880	468911	8192	32256	29808	0	101101	35088
84.92	23341ca4e4830bee	62880	469102	8192	32256	29808	0	101095	35088
84.92	23341ca4e4830bee	62880	469284	8192	32256	29808	0	101099	35088
84.92	23341ca4e4830bee	62880	469475	8192	32272	29776	0	101105	35088
84.92	23341ca4e4830bee	62880	469666	8192	32272	29776	0	101107	35088
84.92	23341ca4e4830bee	62880	469908	8192	32272	29776	0	101095	35088
84.92	23341ca4e4830bee	62880	470099	8320	32256	29776	0	101101	35248
84.92	23341ca4e4830bee	62880	470290	8320	32256	29776	0	101111	35248
84.92	23341ca4e4830bee	62880	470481	8320	32256	29776	0	101101	35248
84.92	23341ca4e4830bee	62880	470672	8320	32256	29776	0	101093	35248
84.92	23341ca4e4830bee	62880	470863	8320	32240	29776	0	101107	35040
84.92	23341ca4e4830bee	62880	471044	8320	32240	29776	0	101101	35040
84.92	23341ca4e4830bee	62880	471236	8320	32240	29776	0	101105	35040
84.92	23341ca4e4830bee	62880	471427	8320	32240	29776	0	101107	35040
84.92	23341ca4e4830bee	62880	471618	8192	32272	29760	0	101101	35264
84.92	23341ca4e4830bee	62880	471810	8192	32272	29760	0	101105	35264
84.74	23341ca4e4830bee	62880	472001	8192	32272	29760	0	101095	35264
84.74	23341ca4e4830bee	62880	472192	8320	32272	29760	0	101103	35264
84.92	23341ca4e4830bee	62880	472383	8320	32256	29824	0	101107	35232
84.92	23341ca4e4830bee	62880	472574	8320	32256	29824	0	101107	35232
84.74	23341ca4e4830bee	62880	472765	8320	32256	29824	0	101095	35232
84.74	23341ca4e4830bee	62880	472956	8320	32256	29824	0	101101	35216
84.74	23341ca4e4830bee	62880	473148	8320	32272	29824	0	101107	35216
84.74	23341ca4e4830bee	62880	473339	8320	32272	29824	0	101101	35216
84.74	23341ca4e4830bee	62880	473530	8320	32272	29824	0	101095	35216
84.74	23341ca4e4830bee	62880	473759	8192	32256	29744	0	101101	35216
84.92	23341ca4e4830bee	62880	473950	8192	32256	29744	0	101107	35216
84.92	23341ca4e4830bee	62880	474141	8192	32256	29744	0	101109	35216
84.74	23341ca4e4830bee	62880	474332	8192	32256	29744	0	101103	35216
84.74	23341ca4e4830bee	62880	474523	8192	32272	29792	0	101105	35216
84.74	23341ca4e4830bee	62880	474704	8192	32272	29792	0	101105	35216
84.92	23341ca4e4830bee	62880	474895	8192	32272	29792	0	101103	35216
84.74	23341ca4e4830bee	62880	475087	8320	32272	29792	0	101095	35216
84.74	23341ca4e4830bee	62880	475278	8320	32288	29776	0	101091	35216
84.74	23341ca4e4830bee	62880	475469	8320	32288	29776	0	101099	35216
84.74	23341ca4e4830bee	62880	475660	8320	32288	29776	0	101111	35216
84.92	23341ca4e4830bee	62880	475851	8192	32288	29776	0	101093	35136
84.74	23341ca4e4830bee	62880	476051	8192	32288	29744	0	101093	35136
84.74	23341ca4e4830bee	62880	476243	8192	32288	29744	0	101095	35136
84.74	23341ca4e4830bee	62880	476434	8192	32288	29744	0	101093	35136
84.74	23341ca4e4830bee	62880	476615	8192	32272	29744	0	101105	35232
84.74	23341ca4e4830bee	62880	476806	8192	32272	29744	0	101095	35232
84.74	23341ca4e4830bee	62880	476997	8192	32272	29744	0	101103	35232
84.74	23341ca4e4830bee	62880	477189	8192	32272	29744	0	101101	35232
84.74	23341ca4e4830bee	62880	477380	8320	32272	29808	0	101103	35120
84.74	23341ca4e4830bee	62880	477619	8320	32272	29808	0	101109	35120
84.74	23341ca4e4830bee	62880	477810	8320	32272	29808	0	101109	35120
84.74	23341ca4e4830bee	62880	478001	8192	32272	29808	0	101103	35120
84.74	23341ca4e4830bee	62880	478192	8192	32288	29776	0	101099	35056
84.74	23341ca4e4830bee	62880	478383	8192	32288	29776	0	101105	35056
84.74	23341ca4e4830bee	62880	478574	8192	32288	29776	0	101111	35056
84.74	23341ca4e4830bee	62880	478756	8192	32288	29776	0	101101	35024
84.74	23341ca4e4830bee	62880	478947	8192	32288	29808	0	101105	35024
84.74	23341ca4e4830bee	62880	479138	8192	32288	29808	0	101101	35024
84.74	23341ca4e4830bee	62880	479329	8192	32288	29808	0	101107	35024
84.74	23341ca4e4830bee	62880	479520	8192	32272	29760	0	101101	35168
84.74	23341ca4e4830bee	62880	479711	8192	32272	29760	0	101109	35168
84.74	23341ca4e4830bee	62880	479902	8192	32272	29760	0	101109	35168
84.74	23341ca4e4830bee	62880	480101	8192	32272	29760	0	101101	35168
84.74	23341ca4e4830bee	62880	480292	8192	32256	29776	0	101105	35152
84.74	23341ca4e4830bee	62880	480484	8192	32256	29776	0	101099	35152
84.74	23341ca4e4830bee	62880	480675	8192	32256	29776	0	101093	35152
84.74	23341ca4e4830bee	62880	480866	8192	32256	29776	0	101105	35152
84.74	23341ca4e4830bee	62880	481062	8192	32272	29808	0	101107	35120
84.74	23341ca4e4830bee	62880	481253	8192	32272	29808	0	101101	35120
84.74	23341ca4e4830bee	62880	481482	8192	32272	29808	0	101099	35120
84.74	23341ca4e4830bee	62880	481673	8192	32240	29728	0	101105	35168
84.74	23341ca4e4830bee	62880	481864	8192	32240	29728	0	101103	35168
84.74	23341ca4e4830bee	62880	482046	8192	32240	29728	0	101099	35168
84.74	23341ca4e4830bee	62880	482237	8192	32240	29728	0	101113	35168
84.74	23341ca4e4830bee	62880	482428	8192	32272	29776	0	101099	35216
84.74	23341ca4e4830bee	62880	482619	8192	32272	29776	0	101105	35216
84.74	23341ca4e4830bee	62880	482811	8192	32272	29776	0	101107	35216
84.74	23341ca4e4830bee	62880	483002	8192	32272	29776	0	101101	35216
84.74	23341ca4e4830bee	62880	483193	8320	32256	29776	0	101099	35088
84.74	23341ca4e4830bee	62880	483384	8320	32256	29776	0	101099	35088
84.74	23341ca4e4830bee	62880	483575	8320	32256	29776	0	101101	35088
84.74	23341ca4e4830bee	62880	483756	8192	32256	29776	0	101107	35088
84.74	23341ca4e4830bee	62880	483947	8192	32272	29776	0	101105	35120
84.74	23341ca4e4830bee	62880	484145	8192	32272	29776	0	101099	35120
84.74	23341ca4e4830bee	62880	484326	8192	32272	29776	0	101101	35120
84.74	23341ca4e4830bee	62880	484517	8320	32272	29776	0	101105	35200
84.74	23341ca4e4830bee	62880	484709	8320	32240	29792	0	101099	35200
84.74	23341ca4e4830bee	62880	484900	8320	32240	29792	0	101107	35200
84.74	23341ca4e4830bee	62880	485091	8320	32240	29792	0	101101	35200
84.74	23341ca4e4830bee	62880	485331	8192	32256	29776	0	101099	35216
84.74	23341ca4e4830bee	62880	485522	8192	32256	29776	0	101101	35216
84.74	23341ca4e4830bee	62880	485713	8192	32256	29776	0	101105	35216
84.74	23341ca4e4830bee	62880	485904	8192	32256	29776	0	101099	35216
84.74	23341ca4e4830bee	62880	486095	8192	32256	29776	0	101101	35120
84.74	23341ca4e4830bee	62880	486276	8192	32256	29776	0	101105	35120
84.74	23341ca4e4830bee	62880	486467	8192	32256	29776	0	101093	35120
84.74	23341ca4e4830bee	62880	486658	8192	32256	29776	0	101105	35120
84.74	23341ca4e4830bee	62880	486849	8192	32256	29760	0	101101	35120
84.74	23341ca4e4830bee	62880	487040	8192	32256	29760	0	101101	35120
84.74	23341ca4e4830bee	62880	487231	8192	32256	29760	0	101105	35120
84.74	23341ca4e4830bee	62880	487422	8192	32256	29760	0	101107	35104
84.74	23341ca4e4830bee	62880	487614	8192	32288	29792	0	101099	35104
84.74	23341ca4e4830bee	62880	487805	8192	32288	29792	0	101113	35104
84.74	23341ca4e4830bee	62880	487986	8192	32288	29792	0	101105	35104
84.74	23341ca4e4830bee	62880	488177	8192	32256	29824	0	101101	35088
84.74	23341ca4e4830bee	62880	488368	8192	32256	29824	0	101101	35088
84.74	23341ca4e4830bee	62880	488560	8192	32256	29824	0	101105	35088
84.74	23341ca4e4830bee	62880	488751	8192	32256	29824	0	101101	35088
84.74	23341ca4e4830bee	62896	488942	8320	32256	29792	0	101101	35248
84.74	23341ca4e4830bee	62896	489183	8320	32256	29792	0	101105	35248
84.74	23341ca4e4830bee	62896	489374	8320	32256	29792	1	101105	35248
84.74	23341ca4e4830bee	62896	489565	8192	32256	29792	1	101099	35200
84.74	23341ca4e4830bee	63056	489756	8192	32304	29792	1	101099	35200
84.74	23341ca4e4830bee	63056	489937	8192	32304	29792	1	101093	35200
84.74	23341ca4e4830bee	63056	490128	8192	32304	29792	1	101105	35200
84.74	23341ca4e4830bee	63584	490319	8192	32304	29792	1	101105	35056
84.74	23341ca4e4830bee	63584	490510	8192	32272	29776	1	101101	35056
84.74	23341ca4e4830bee	63584	490701	8192	32272	29776	1	101105	35056
84.74	23341ca4e4830bee	63584	490892	8192	32272	29776	1	101101	35056
84.74	23341ca4e4830bee	63232	491083	8192	32272	29776	1	101101	35216
84.74	23341ca4e4830bee	63232	491275	8192	32272	29776	1	101101	35216
84.74	23341ca4e4830bee	63232	491466	8192	32272	29776	0	101085	35216
84.74	23341ca4e4830bee	63232	491647	8192	32272	29776	0	101101	35216
84.74	23341ca4e4830bee	63328	491838	8320	32288	29744	0	101099	35280
84.74	23341ca4e4830bee	63328	492029	8320	32288	29744	1	101105	35280
84.74	23341ca4e4830bee	63328	492227	8320	32288	29744	1	101093	35280
84.74	23341ca4e4830bee	63328	492418	8320	32288	29744	1	101099	35280
84.74	23341ca4e4830bee	63776	492610	8320	32256	29760	1	101095	35072
84.74	23341ca4e4830bee	63776	492801	8320	32256	29760	0	101099	35072
84.74	23341ca4e4830bee	63776	493040	8320	32256	29760	1	101099	35072
84.74	23341ca4e4830bee	64128	493231	8192	32272	29760	1	101101	35152
84.74	23341ca4e4830bee	64128	493422	8192	32272	29760	1	101087	35152
84.74	23341ca4e4830bee	64128	493613	8192	32272	29760	1	101093	35152
84.74	23341ca4e4830bee	64128	493805	8192	32272	29760	1	101087	35152
84.74	23341ca4e4830bee	63408	493996	8192	32256	29776	1	101095	35072
84.74	23341ca4e4830bee	63408	494177	8192	32256	29776	1	101093	35072
84.74	23341ca4e4830bee	63408	494368	8192	32256	29776	1	101101	35072
84.74	23341ca4e4830bee	63408	494559	8192	32256	29776	1	101103	35072
84.74	23341ca4e4830bee	63680	494750	8192	32272	29776	1	101107	35152
84.74	23341ca4e4830bee	63680	494941	8192	32272	29776	1	101101	35152
84.74	23341ca4e4830bee	63680	495133	8192	32272	29776	1	101107	35152
84.74	23341ca4e4830bee	63680	495324	8320	32272	29776	1	101103	35152
84.74	23341ca4e4830bee	63808	495515	8320	32256	29760	1	101107	35232
84.74	23341ca4e4830bee	63808	495706	8320	32256	29760	1	101099	35232
84.74	23341ca4e4830bee	63808	495887	8320	32256	29760	1	101107	35232
84.74	23341ca4e4830bee	63744	496078	8192	32256	29760	0	101099	35184
84.74	23341ca4e4830bee	63744	496270	8192	32224	29776	0	101101	35184
84.74	23341ca4e4830bee	63744	496461	8192	32224	29776	1	101101	35184
84.74	23341ca4e4830bee	63744	496652	8192	32224	29776	1	101107	35184
84.74	23341ca4e4830bee	63744	496891	8192	32272	29792	1	101091	35168
84.74	23341ca4e4830bee	63744	497082	8192	32272	29792	1	101107	35168
84.74	23341ca4e4830bee	63744	497273	8192	32272	29792	1	101101	35168
84.74	23341ca4e4830bee	63744	497464	8192	32272	29792	0	101099	35168
84.74	23341ca4e4830bee	63744	497655	8320	32256	29760	0	101089	35088
84.74	23341ca4e4830bee	63744	497846	8320	32256	29760	0	101095	35088
84.74	23341ca4e4830bee	63744	498027	8320	32256	29760	0	101089	35088
84.74	23341ca4e4830bee	63744	498218	8192	32256	29760	0	101089	35088
84.74	23341ca4e4830bee	63776	498409	8192	32288	29760	0	101093	35200
84.74	23341ca4e4830bee	63776	498600	8192	32288	29760	1	101085	35200
84.74	23341ca4e4830bee	63776	498792	8192	32288	29760	1	101091	35200
84.74	23341ca4e4830bee	63600	498983	8192	32288	29760	1	101105	35248
84.74	23341ca4e4830bee	63600	499177	8192	32304	29744	1	101109	35248
84.74	23341ca4e4830bee	63600	499369	8192	32304	29744	0	101101	35248
84.74	23341ca4e4830bee	63600	499560	8192	32304	29744	1	101105	35248
84.74	23341ca4e4830bee	63568	499751	8192	32288	29760	1	101089	35056
84.74	23341ca4e4830bee	63568	499942	8192	32288	29760	0	101093	35056
84.74	23341ca4e4830bee	63568	500133	8192	32288	29760	0	101105	35056
84.74	23341ca4e4830bee	63568	500325	8192	32288	29760	0	101101	35056
84.74	23341ca4e4830bee	63552	500516	8192	32256	29808	0	101105	35232
84.74	23341ca4e4830bee	63552	500747	8192	32256	29808	0	101105	35232
84.74	23341ca4e4830bee	63552	500928	8192	32256	29808	0	101101	35232
84.74	23341ca4e4830bee	63552	501119	8192	32256	29808	0	101093	35232
84.74	23341ca4e4830bee	63616	501310	8192	32288	29792	1	101099	35184
84.74	23341ca4e4830bee	63616	501501	8192	32288	29792	1	101101	35184
84.74	23341ca4e4830bee	63616	501692	8192	32288	29792	0	101101	35184
84.74	23341ca4e4830bee	63536	501883	8192	32288	29792	1	101093	35088
84.74	23341ca4e4830bee	63536	502074	8192	32272	29760	0	101105	35088
84.74	23341ca4e4830bee	63536	502265	8192	32272	29760	0	101101	35088
84.74	23341ca4e4830bee	63536	502456	8192	32272	29760	0	101093	35088
84.74	23341ca4e4830bee	63520	502659	8192	32272	29776	1	101093	35200
84.74	23341ca4e4830bee	63520	502850	8192	32272	29776	1	101091	35200
84.74	23341ca4e4830bee	63520	503041	8192	32272	29776	1	101095	35200
84.74	23341ca4e4830bee	63520	503232	8192	32272	29776	1	101093	35200
84.74	23341ca4e4830bee	62816	503424	8192	32288	29776	1	101099	35200
84.74	23341ca4e4830bee	62816	503615	8192	32288	29776	0	101093	35200
84.74	23341ca4e4830bee	62816	503806	8192	32288	29776	1	101093	35200
84.74	23341ca4e4830bee	62816	503998	8320	32288	29776	1	101101	35200
84.74	23341ca4e4830bee	62688	504189	8320	32256	29776	1	101107	35248
84.74	23341ca4e4830bee	62688	504380	8320	32256	29776	1	101101	35248
84.74	23341ca4e4830bee	62688	504622	8320	32256	29776	1	101093	35248
84.74	23341ca4e4830bee	62656	504813	8192	32288	29776	1	101093	35088
84.74	23341ca4e4830bee	62656	505004	8192	32288	29776	1	101095	35088
84.74	23341ca4e4830bee	62656	505195	8192	32288	29776	1	101095	35088
84.74	23341ca4e4830bee	62656	505386	8192	32288	29776	0	101095	35088
84.74	23341ca4e4830bee	62592	505577	8192	32256	29776	1	101103	35232
84.74	23341ca4e4830bee	62592	505758	8192	32256	29776	1	101101	35232
84.56	23341ca4e4830bee	62592	505950	8192	32256	29776	1	101091	35232
84.74	23341ca4e4830bee	62592	506141	8192	32256	29776	0	101101	35232
84.74	23341ca4e4830bee	62560	506332	8192	32288	29776	1	101091	35248
84.56	23341ca4e4830bee	62560	506523	8192	32288	29776	1	101091	35248
84.74	23341ca4e4830bee	62560	506714	8192	32288	29776	1	101107	35248
84.74	23341ca4e4830bee	62560	506905	8192	32288	29776	1	101101	35056
84.74	23341ca4e4830bee	62608	507099	8192	32304	29776	1	101107	35056
84.74	23341ca4e4830bee	62608	507291	8192	32304	29776	1	101099	35056
84.74	23341ca4e4830bee	62608	507482	8192	32304	29776	0	101095	35056
84.74	23341ca4e4830bee	62640	507673	8192	32272	29776	1	101101	35264
84.74	23341ca4e4830bee	62640	507864	8192	32272	29808	1	101109	35264
84.74	23341ca4e4830bee	62640	508055	8192	32272	29808	1	101101	35264
84.74	23341ca4e4830bee	62640	508247	8192	32272	29808	1	101099	35264
84.74	23341ca4e4830bee	62640	508476	8192	32272	29776	1	101093	35136
84.74	23341ca4e4830bee	62640	508667	8192	32272	29776	1	101101	35136
84.74	23341ca4e4830bee	62640	508858	8192	32272	29776	0	101109	35136
84.74	23341ca4e4830bee	62640	509039	8192	32272	29776	0	101101	35136
84.74	23341ca4e4830bee	62624	509230	8192	32288	29776	0	101095	35136
84.56	23341ca4e4830bee	62624	509421	8192	32288	29776	0	101091	35136
84.74	23341ca4e4830bee	62624	509612	8192	32288	29776	0	101103	35136
84.56	23341ca4e4830bee	62624	509804	8192	32288	29776	1	101091	35184
84.56	23341ca4e4830bee	62592	509995	8192	32256	29776	1	101091	35184
84.56	23341ca4e4830bee	62592	510187	8192	32256	29776	1	101091	35184
84.56	23341ca4e4830bee	62592	510378	8192	32256	29776	0	101085	35184
84.56	23341ca4e4830bee	62592	510559	8192	32224	29776	0	101105	35216
84.56	23341ca4e4830bee	62592	510750	8192	32224	29776	0	101081	35216
84.56	23341ca4e4830bee	62592	510942	8192	32224	29776	1	101087	35216
84.56	23341ca4e4830bee	62592	511133	8192	32224	29776	1	101101	35216
84.56	23341ca4e4830bee	62560	511324	8192	32320	29792	1	101093	35152
84.56	23341ca4e4830bee	62560	511515	8192	32320	29792	0	101101	35152
84.56	23341ca4e4830bee	62560	511706	8192	32320	29792	0	101087	35152
84.56	23341ca4e4830bee	62560	511898	8192	32320	29792	0	101095	35152
84.56	23341ca4e4830bee	62560	512082	8192	32256	29808	0	101091	35104
84.74	23341ca4e4830bee	62560	512325	8192	32256	29808	0	101103	35104
84.74	23341ca4e4830bee	62560	512516	8192	32256	29808	0	101107	35104
84.56	23341ca4e4830bee	62560	512708	8192	32256	29808	0	101087	35184
84.74	23341ca4e4830bee	62560	512899	8192	32240	29776	0	101093	35184
84.74	23341ca4e4830bee	62560	513090	8192	32240	29776	0	101107	35184
84.56	23341ca4e4830bee	62560	513281	8192	32240	29776	0	101093	35184
84.74	23341ca4e4830bee	62544	513472	8192	32304	29808	1	101109	35104
84.74	23341ca4e4830bee	62544	513663	8192	32304	29808	1	101093	35104
84.56	23341ca4e4830bee	62544	513854	8192	32304	29808	1	101099	35104
84.74	23341ca4e4830bee	62544	514045	8192	32304	29808	1	101101	35104
84.74	23341ca4e4830bee	62496	514236	8192	32272	29792	1	101093	35280
84.74	23341ca4e4830bee	62496	514427	8192	32272	29792	1	101107	35280
84.74	23341ca4e4830bee	62496	514619	8192	32272	29792	1	101093	35280
84.74	23341ca4e4830bee	62496	514800	8192	32272	29792	1	101103	35280
84.74	23341ca4e4830bee	62512	514991	8192	32272	29792	0	101099	35168
84.74	23341ca4e4830bee	62512	515182	8192	32272	29792	0	101099	35168
84.74	23341ca4e4830bee	62512	515374	8192	32272	29792	0	101101	35168
84.74	23341ca4e4830bee	62512	515579	8192	32272	29792	0	101099	35120
84.74	23341ca4e4830bee	62512	515760	8192	32272	29776	1	101099	35120
84.74	23341ca4e4830bee	62512	515951	8192	32272	29776	1	101101	35120
84.74	23341ca4e4830bee	62512	516191	8192	32272	29776	1	101101	35120
84.74	23341ca4e4830bee	62512	516382	8192	32240	29776	1	101101	35072
84.74	23341ca4e4830bee	62512	516573	8192	32240	29776	1	101093	35072
84.74	23341ca4e4830bee	62512	516764	8192	32240	29776	1	101091	35072
84.74	23341ca4e4830bee	62512	516955	8192	32240	29776	0	101091	35072
84.74	23341ca4e4830bee	62512	517146	8192	32272	29776	0	101099	35104
84.74	23341ca4e4830bee	62512	517337	8192	32272	29776	0	101099	35104
84.74	23341ca4e4830bee	62512	517528	8192	32272	29776	0	101099	35104
84.74	23341ca4e4830bee	62512	517719	8320	32272	29776	0	101091	35104
84.74	23341ca4e4830bee	62512	517910	8320	32272	29808	0	101091	35152
84.74	23341ca4e4830bee	62512	518101	8320	32272	29808	0	101101	35152
84.74	23341ca4e4830bee	62512	518293	8320	32272	29808	0	101095	35152
84.74	23341ca4e4830bee	62528	518484	8192	32272	29808	0	101095	35072
84.74	23341ca4e4830bee	62528	518675	8192	32272	29808	0	101089	35072
84.74	23341ca4e4830bee	62528	518866	8192	32272	29808	0	101093	35072
84.74	23341ca4e4830bee	62528	519062	8192	32272	29808	0	101101	35072
84.74	23341ca4e4830bee	62544	519254	8192	32224	29776	0	101091	35184
84.74	23341ca4e4830bee	62544	519445	8192	32224	29776	1	101093	35184
84.74	23341ca4e4830bee	62544	519636	8192	32224	29776	1	101095	35184
84.74	23341ca4e4830bee	62544	519827	8192	32224	29776	1	101099	35184
84.74	23341ca4e4830bee	62544	520059	8192	32224	29792	0	101095	35200
84.74	23341ca4e4830bee	62544	520240	8192	32224	29792	1	101093	35200
84.74	23341ca4e4830bee	62544	520431	8192	32224	29792	1	101105	35200
84.74	23341ca4e4830bee	62544	520622	8192	32224	29792	1	101095	35200
84.74	23341ca4e4830bee	62432	520813	8192	32272	29808	1	101099	35136
84.74	23341ca4e4830bee	62432	521004	8192	32272	29808	1	101099	35136
84.74	23341ca4e4830bee	62432	521196	8192	32272	29808	0	101093	35136
84.74	23341ca4e4830bee	62336	521387	8192	32272	29808	1	101101	35152
84.74	23341ca4e4830bee	62336	521578	8192	32272	29776	1	101093	35152
84.74	23341ca4e4830bee	62336	521769	8192	32272	29776	1	101091	35152
84.74	23341ca4e4830bee	62336	521950	8192	32272	29776	0	101101	35152
84.74	23341ca4e4830bee	62336	522141	8192	32256	29776	1	101093	35056
84.74	23341ca4e4830bee	62336	522332	8192	32256	29776	1	101105	35056
84.74	23341ca4e4830bee	62336	522523	8192	32256	29776	1	101093	35056
84.74	23341ca4e4830bee	62336	522715	8192	32256	29776	1	101093	35056
84.74	23341ca4e4830bee	62336	522906	8320	32272	29760	1	101105	35104
84.74	23341ca4e4830bee	62336	523097	8320	32272	29760	0	101099	35104
84.74	23341ca4e4830bee	62336	523288	8320	32272	29760	1	101099	35104
84.74	23341ca4e4830bee	62336	523479	8320	32272	29760	1	101101	35104
84.74	23341ca4e4830bee	62368	523661	8192	32288	29776	1	101101	35184
84.74	23341ca4e4830bee	62368	523901	8192	32288	29776	0	101107	35184
84.74	23341ca4e4830bee	62368	524092	8192	32288	29776	1	101099	35184
84.74	23341ca4e4830bee	62352	524283	8192	32304	29776	1	101101	35072
84.74	23341ca4e4830bee	62352	524474	8192	32304	29808	1	101087	35072
84.74	23341ca4e4830bee	62352	524665	8192	32304	29808	0	101099	35072
84.74	23341ca4e4830bee	62352	524856	8192	32304	29808	1	101099	35072
84.74	23341ca4e4830bee	62336	525047	8192	32256	29808	1	101099	35104
84.74	23341ca4e4830bee	62336	525258	8192	32256	29808	1	101099	35104
84.74	23341ca4e4830bee	62336	525450	8192	32256	29808	1	101091	35104
84.74	23341ca4e4830bee	62336	525631	8192	32256	29808	1	101087	35104
84.74	23341ca4e4830bee	62352	525822	8320	32272	29760	1	101101	35152
84.74	23341ca4e4830bee	62352	526013	8320	32272	29760	1	101093	35152
84.74	23341ca4e4830bee	62352	526204	8320	32272	29760	1	101099	35152
84.74	23341ca4e4830bee	62352	526395	8192	32272	29760	1	101107	35152
84.74	23341ca4e4830bee	62320	526586	8192	32288	29792	1	101105	35120
84.74	23341ca4e4830bee	62320	526778	8192	32288	29792	1	101093	35120
84.74	23341ca4e4830bee	62320	526969	8192	32288	29792	0	101091	35120
84.74	23341ca4e4830bee	62336	527160	8192	32288	29792	1	101105	35120
84.74	23341ca4e4830bee	62336	527341	8192	32288	29760	1	101093	35120
84.74	23341ca4e4830bee	62336	527532	8192	32288	29760	1	101099	35120
84.74	23341ca4e4830bee	62336	527774	8192	32288	29760	1	101099	35120
84.74	23341ca4e4830bee	62352	527965	8192	32256	29776	1	101099	35168
84.74	23341ca4e4830bee	62352	528156	8192	32256	29776	0	101109	35168
84.74	23341ca4e4830bee	62352	528347	8192	32256	29776	1	101091	35168
84.74	23341ca4e4830bee	62352	528538	8192	32256	29776	1	101105	35168
84.74	23341ca4e4830bee	62384	528729	8192	32288	29776	1	101107	35152
84.74	23341ca4e4830bee	62384	528920	8192	32288	29776	1	101093	35152
84.74	23341ca4e4830bee	62384	529106	8192	32288	29776	1	101093	35152
84.74	23341ca4e4830bee	62384	529297	8320	32288	29776	1	101085	35152
84.74	23341ca4e4830bee	62800	529488	8320	32288	29760	1	101101	35200
84.74	23341ca4e4830bee	62800	529680	8320	32288	29760	1	101111	35200
84.74	23341ca4e4830bee	62800	529871	8320	32288	29760	1	101099	35200
84.74	23341ca4e4830bee	62704	530052	8192	32288	29760	1	101101	35120
84.74	23341ca4e4830bee	62704	530244	8192	32304	29808	0	101093	35120
84.74	23341ca4e4830bee	62704	530435	8192	32304	29808	1	101101	35120
84.74	23341ca4e4830bee	62704	530626	8192	32304	29808	1	101101	35120
84.74	23341ca4e4830bee	62432	530817	8192	32256	29808	1	101095	35168
84.74	23341ca4e4830bee	62432	531008	8192	32256	29808	1	101107	35168
84.74	23341ca4e4830bee	62432	531200	8192	32256	29808	1	101115	35168
84.74	23341ca4e4830bee	62432	531391	8192	32256	29808	0	101093	35168
84.74	23341ca4e4830bee	62432	531631	8192	32224	29760	1	101093	35104
84.74	23341ca4e4830bee	62432	531812	8192	32224	29760	1	101105	35104
84.74	23341ca4e4830bee	62432	532003	8192	32224	29760	1	101101	35104
84.74	23341ca4e4830bee	62432	532194	8192	32224	29760	1	101101	35120
84.74	23341ca4e4830bee	62432	532385	8192	32256	29824	1	101101	35120
84.74	23341ca4e4830bee	62432	532577	8192	32256	29824	1	101091	35120
84.74	23341ca4e4830bee	62432	532768	8192	32256	29824	1	101101	35120
84.74	23341ca4e4830bee	62416	532959	8320	32240	29824	1	101093	35184
84.74	23341ca4e4830bee	62416	533150	8320	32240	29824	0	101093	35184
84.74	23341ca4e4830bee	62416	533341	8320	32240	29824	1	101093	35184
84.74	23341ca4e4830bee	62416	533522	8320	32240	29824	1	101093	35184
84.74	23341ca4e4830bee	62416	533713	8192	32288	29808	1	101101	35136
84.74	23341ca4e4830bee	62416	533904	8192	32288	29808	1	101101	35136
84.74	23341ca4e4830bee	62416	534096	8192	32288	29808	1	101093	35136
84.74	23341ca4e4830bee	62416	534287	8192	32288	29808	1	101103	35136
84.74	23341ca4e4830bee	62400	534496	8192	32272	29792	0	101107	35200
84.74	23341ca4e4830bee	62400	534687	8192	32272	29792	0	101095	35200
84.74	23341ca4e4830bee	62400	534878	8192	32272	29792	0	101105	35200
84.74	23341ca4e4830bee	62400	535069	8192	32272	29792	0	101105	35200
84.74	23341ca4e4830bee	62400	535264	8192	32272	29792	0	101089	35200
84.74	23341ca4e4830bee	62400	535503	8192	32272	29792	0	101101	35200
84.74	23341ca4e4830bee	62400	535694	8192	32272	29792	0	101101	35200
84.74	23341ca4e4830bee	62400	535885	8192	32272	29808	0	101103	35088
84.74	23341ca4e4830bee	62400	536088	8192	32272	29808	0	101103	35088
84.74	23341ca4e4830bee	62400	536279	8192	32272	29808	0	101099	35088
84.74	23341ca4e4830bee	62400	536470	8192	32272	29808	0	101103	35088
84.74	23341ca4e4830bee	62384	536661	8192	32288	29808	0	101093	35072
84.74	23341ca4e4830bee	62384	536842	8192	32288	29808	0	101101	35072
84.74	23341ca4e4830bee	62384	537033	8192	32288	29808	0	101101	35072
84.74	23341ca4e4830bee	62384	537224	8320	32288	29808	0	101093	35072
84.74	23341ca4e4830bee	62384	537416	8320	32304	29776	0	101101	35168
84.74	23341ca4e4830bee	62384	537607	8320	32304	29776	0	101093	35168
84.74	23341ca4e4830bee	62384	537798	8320	32304	29776	0	101099	35168
84.74	23341ca4e4830bee	62368	537989	8192	32304	29776	0	101099	35104
84.74	23341ca4e4830bee	62368	538180	8192	32272	29760	0	101093	35104
84.74	23341ca4e4830bee	62368	538371	8192	32272	29760	0	101091	35104
84.74	23341ca4e4830bee	62368	538552	8192	32272	29760	0	101099	35104
84.74	23341ca4e4830bee	62368	538744	8320	32272	29776	0	101087	35200
84.74	23341ca4e4830bee	62368	538935	8320	32272	29776	0	101091	35200
84.74	23341ca4e4830bee	62368	539127	8320	32272	29776	0	101089	35200
84.74	23341ca4e4830bee	62368	539366	8320	32272	29776	0	101099	35200
84.74	23341ca4e4830bee	62368	539557	8192	32288	29808	0	101095	35184
84.74	23341ca4e4830bee	62368	539756	8192	32288	29808	0	101099	35184
84.74	23341ca4e4830bee	62368	539947	8192	32288	29808	0	101105	35184
84.74	23341ca4e4830bee	62368	540138	8192	32288	29808	0	101101	35232
84.74	23341ca4e4830bee	62384	540329	8192	32272	29792	0	101093	35232
84.74	23341ca4e4830bee	62384	540520	8192	32272	29792	0	101101	35232
84.74	23341ca4e4830bee	62384	540711	8192	32272	29792	0	101099	35232
84.74	23341ca4e4830bee	62384	540902	8320	32288	29792	0	101101	35200
84.74	23341ca4e4830bee	62384	541090	8320	32288	29792	0	101093	35200
84.74	23341ca4e4830bee	62384	541281	8320	32288	29792	1	101093	35200
84.74	23341ca4e4830bee	62384	541472	8320	32288	29792	1	101105	35200
84.74	23341ca4e4830bee	62400	541653	8320	32256	29792	1	101099	35120
84.74	23341ca4e4830bee	62400	541844	8320	32256	29792	1	101101	35120
84.74	23341ca4e4830bee	62400	542035	8320	32256	29792	1	101105	35120
84.74	23341ca4e4830bee	62400	542227	8320	32256	29792	0	101099	35120
84.74	23341ca4e4830bee	62336	542418	8320	32272	29792	1	101101	35104
84.74	23341ca4e4830bee	62336	542609	8320	32272	29792	1	101101	35104
84.74	23341ca4e4830bee	62336	542800	8320	32272	29792	1	101099	35104
84.74	23341ca4e4830bee	62336	542991	8320	32272	29792	1	101101	35104
84.74	23341ca4e4830bee	62336	543225	8320	32256	29792	1	101099	35040
84.74	23341ca4e4830bee	62336	543416	8320	32256	29792	1	101095	35040
84.74	23341ca4e4830bee	62336	543607	8320	32256	29792	1	101093	35040
84.74	23341ca4e4830bee	62368	543798	8192	32224	29824	1	101105	35136
84.74	23341ca4e4830bee	62368	543989	8192	32224	29824	1	101099	35136
84.74	23341ca4e4830bee	62368	544190	8192	32224	29824	1	101093	35136
84.74	23341ca4e4830bee	62368	544381	8192	32224	29824	1	101091	35136
84.74	23341ca4e4830bee	62256	544572	8320	32240	29776	1	101101	35104
84.74	23341ca4e4830bee	62256	544754	8320	32240	29776	1	101093	35104
84.74	23341ca4e4830bee	62256	544945	8320	32240	29776	1	101093	35104
84.74	23341ca4e4830bee	62256	545136	8320	32240	29776	1	101093	35104
84.74	23341ca4e4830bee	62192	545327	8192	32288	29760	1	101107	35184
84.74	23341ca4e4830bee	62192	545518	8192	32288	29760	1	101103	35184
84.74	23341ca4e4830bee	62192	545709	8192	32288	29760	1	101093	35184
84.74	23341ca4e4830bee	62192	545901	8192	32288	29760	0	101103	35184
84.74	23341ca4e4830bee	62192	546092	8192	32272	29808	1	101091	35152
84.74	23341ca4e4830bee	62192	546283	8192	32272	29808	1	101089	35152
84.74	23341ca4e4830bee	62192	546474	8192	32272	29808	1	101089	35152
84.74	23341ca4e4830bee	62176	546665	8320	32272	29808	1	101095	35216
84.74	23341ca4e4830bee	62176	546857	8320	32288	29808	1	101091	35216
84.74	23341ca4e4830bee	62176	547096	8320	32288	29808	1	101095	35216
84.74	23341ca4e4830bee	62176	547287	8320	32288	29808	1	101091	35216
84.74	23341ca4e4830bee	62160	547478	8192	32272	29792	0	101095	35056
84.74	23341ca4e4830bee	62160	547669	8192	32272	29792	0	101091	35056
84.74	23341ca4e4830bee	62160	547860	8192	32272	29792	0	101101	35056
84.74	23341ca4e4830bee	62160	548051	8320	32272	29792	0	101093	35056
84.74	23341ca4e4830bee	62176	548242	8320	32288	29776	0	101091	35136
84.74	23341ca4e4830bee	62176	548424	8320	32288	29776	0	101091	35136
84.74	23341ca4e4830bee	62176	548615	8320	32288	29776	0	101093	35136
84.74	23341ca4e4830bee	62176	548806	8320	32288	29776	0	101095	35232
84.74	23341ca4e4830bee	62176	548997	8320	32272	29808	0	101101	35232
84.74	23341ca4e4830bee	62176	549188	8320	32272	29808	0	101107	35232
84.74	23341ca4e4830bee	62176	549379	8320	32272	29808	0	101095	35232
84.74	23341ca4e4830bee	62176	549571	8192	32256	29808	0	101103	35120
84.74	23341ca4e4830bee	62176	549762	8192	32256	29792	0	101091	35120
84.74	23341ca4e4830bee	62176	549953	8192	32256	29792	0	101101	35120
84.74	23341ca4e4830bee	62176	550134	8192	32256	29792	0	101103	35120
84.74	23341ca4e4830bee	62176	550325	8320	32256	29776	0	101099	35200
84.74	23341ca4e4830bee	62176	550517	8320	32256	29776	0	101091	35200
84.74	23341ca4e4830bee	62176	550708	8320	32256	29776	0	101091	35200
84.74	23341ca4e4830bee	62176	550948	8192	32256	29776	1	101093	35200
84.74	23341ca4e4830bee	62720	551139	8192	32240	29808	1	101095	35232
84.74	23341ca4e4830bee	62720	551330	8192	32240	29808	1	101103	35232
84.74	23341ca4e4830bee	62720	551521	8192	32240	29808	1	101091	35232
84.74	23341ca4e4830bee	62304	551712	8320	32240	29808	1	101095	35264
84.92	23341ca4e4830bee	62304	551903	8320	32272	29776	1	101103	35264
84.74	23341ca4e4830bee	62304	552084	8320	32272	29776	1	101091	35264
84.74	23341ca4e4830bee	62304	552275	8320	32272	29776	1	101095	35264
84.74	23341ca4e4830bee	62304	552466	8320	32272	29776	1	101101	35104
84.74	23341ca4e4830bee	62304	552658	8320	32272	29744	1	101095	35104
84.74	23341ca4e4830bee	62304	552849	8320	32272	29744	1	101095	35104
84.74	23341ca4e4830bee	62304	553040	8320	32272	29744	1	101089	35104
84.74	23341ca4e4830bee	62352	553231	8320	32192	29680	1	101095	35232
84.74	23341ca4e4830bee	62352	553422	8320	32192	29680	1	101101	35232
84.74	23341ca4e4830bee	62352	553613	8320	32192	29680	1	101101	35232
84.74	23341ca4e4830bee	62352	553794	8320	32192	29680	1	101093	35232
84.92	23341ca4e4830bee	62352	553986	8192	32288	29760	1	101107	35216
84.74	23341ca4e4830bee	62352	554177	8192	32288	29760	1	101093	35216
84.74	23341ca4e4830bee	62352	554368	8192	32288	29760	1	101089	35216
84.74	23341ca4e4830bee	62352	554559	8192	32288	29760	1	101091	35216
84.74	23341ca4e4830bee	62336	554797	8192	32256	29792	1	101095	35216
84.92	23341ca4e4830bee	62336	554988	8192	32256	29792	1	101103	35216
84.92	23341ca4e4830bee	62336	555179	8192	32256	29792	1	101099	35216
84.74	23341ca4e4830bee	62336	555370	8320	32256	29808	1	101091	35120
84.74	23341ca4e4830bee	62336	555562	8320	32256	29808	1	101091	35120
84.92	23341ca4e4830bee	62336	555753	8320	32256	29808	0	101103	35120
84.74	23341ca4e4830bee	62336	555944	8320	32256	29808	0	101095	35120
84.92	23341ca4e4830bee	62336	556135	8320	32288	29808	1	101103	35104
84.92	23341ca4e4830bee	62336	556326	8320	32288	29808	1	101109	35104
84.92	23341ca4e4830bee	62336	556517	8320	32288	29808	1	101095	35104
84.92	23341ca4e4830bee	62336	556709	8320	32288	29808	1	101093	35104
84.92	23341ca4e4830bee	62336	556900	8192	32256	29760	1	101089	35216
84.92	23341ca4e4830bee	62336	557091	8192	32256	29760	1	101095	35216
84.92	23341ca4e4830bee	62336	557282	8192	32256	29760	1	101099	35216
84.92	23341ca4e4830bee	62336	557473	8192	32256	29760	1	101101	35216
84.74	23341ca4e4830bee	62336	557654	8192	32272	29760	1	101093	35072
84.92	23341ca4e4830bee	62336	557846	8192	32272	29760	1	101091	35072
84.92	23341ca4e4830bee	62336	558037	8192	32272	29760	1	101093	35072
84.92	23341ca4e4830bee	62352	558228	8192	32272	29760	1	101099	35104
84.92	23341ca4e4830bee	62352	558419	8192	32320	29792	0	101101	35104
84.92	23341ca4e4830bee	62352	558660	8192	32320	29792	0	101101	35104
84.92	23341ca4e4830bee	62352	558851	8192	32320	29792	0	101101	35104
84.92	23341ca4e4830bee	62352	559042	8320	32240	29776	0	101101	35264
84.92	23341ca4e4830bee	62352	559233	8320	32240	29776	0	101101	35264
84.92	23341ca4e4830bee	62352	559424	8320	32240	29776	0	101099	35264
84.92	23341ca4e4830bee	62352	559605	8320	32240	29776	0	101103	35264
84.92	23341ca4e4830bee	62352	559796	8192	32256	29840	0	101101	35200
84.92	23341ca4e4830bee	62352	559987	8192	32256	29840	0	101099	35200
84.92	23341ca4e4830bee	62352	560178	8192	32256	29840	0	101099	35200
84.92	23341ca4e4830bee	62352	560369	8192	32256	29840	0	101099	35136
84.92	23341ca4e4830bee	62352	560561	8192	32256	29776	0	101093	35136
84.92	23341ca4e4830bee	62352	560752	8192	32256	29776	1	101103	35136
84.92	23341ca4e4830bee	62352	560943	8192	32256	29776	1	101101	35136
84.92	23341ca4e4830bee	62448	561134	8320	32208	29776	1	101099	35136
84.92	23341ca4e4830bee	62448	561326	8320	32208	29760	1	101107	35136
84.92	23341ca4e4830bee	62448	561517	8320	32208	29760	1	101087	35136
84.92	23341ca4e4830bee	62448	561708	8320	32208	29760	0	101099	35136
84.92	23341ca4e4830bee	62320	561899	8192	32240	29776	1	101101	35184
84.92	23341ca4e4830bee	62320	562090	8192	32240	29776	1	101091	35184
84.92	23341ca4e4830bee	62320	562282	8192	32240	29776	0	101105	35184
84.74	23341ca4e4830bee	62320	562511	8320	32240	29776	0	101095	35184
84.74	23341ca4e4830bee	62512	562702	8320	32256	29792	1	101093	35168
84.92	23341ca4e4830bee	62512	562894	8320	32256	29792	1	101095	35168
84.92	23341ca4e4830bee	62512	563085	8320	32256	29792	1	101101	35168
84.92	23341ca4e4830bee	62512	563266	8320	32256	29792	1	101109	35120
84.92	23341ca4e4830bee	63584	563457	8320	32272	29808	1	101089	35120
84.92	23341ca4e4830bee	63584	563648	8320	32272	29808	1	101093	35120
84.92	23341ca4e4830bee	63584	563839	8320	32272	29808	1	101107	35120
84.92	23341ca4e4830bee	63936	564030	8320	32272	29760	0	101093	35216
84.92	23341ca4e4830bee	63936	564221	8320	32272	29760	1	101103	35216
84.92	23341ca4e4830bee	63936	564412	8320	32272	29760	1	101107	35216
84.92	23341ca4e4830bee	63936	564603	8320	32272	29760	1	101093	35216
84.92	23341ca4e4830bee	63952	564795	8320	32224	29776	1	101099	35120
84.92	23341ca4e4830bee	63952	564976	8320	32224	29776	1	101105	35120
84.92	23341ca4e4830bee	63952	565167	8320	32224	29776	1	101111	35120
84.92	23341ca4e4830bee	63952	565358	8320	32224	29776	1	101105	35120
84.92	23341ca4e4830bee	63680	565549	8320	32272	29792	1	101099	35120
84.92	23341ca4e4830bee	63680	565741	8320	32272	29792	1	101103	35120
84.92	23341ca4e4830bee	63680	565932	8320	32272	29792	1	101109	35120
84.92	23341ca4e4830bee	63680	566123	8320	32272	29792	1	101101	35120
84.92	23341ca4e4830bee	63024	566353	8320	32272	29808	1	101099	35168
84.74	23341ca4e4830bee	63024	566544	8320	32272	29808	1	101091	35168
84.74	23341ca4e4830bee	63024	566725	8320	32272	29808	1	101101	35168
84.92	23341ca4e4830bee	62944	566916	8320	32272	29808	1	101109	35120
84.92	23341ca4e4830bee	62944	567116	8320	32272	29792	1	101107	35120
84.92	23341ca4e4830bee	62944	567307	8320	32272	29792	1	101095	35120
84.92	23341ca4e4830bee	62944	567498	8320	32272	29792	0	101101	35120
84.74	23341ca4e4830bee	62928	567689	8320	32256	29776	0	101089	35072
84.92	23341ca4e4830bee	62928	567880	8320	32256	29776	0	101103	35072
84.92	23341ca4e4830bee	62928	568071	8320	32256	29776	0	101105	35072
84.74	23341ca4e4830bee	62928	568263	8320	32256	29776	0	101089	35072
84.74	23341ca4e4830bee	63008	568454	8320	32272	29776	0	101107	35088
84.74	23341ca4e4830bee	63008	568645	8320	32272	29776	1	101089	35088
84.74	23341ca4e4830bee	63008	568826	8320	32272	29776	0	101101	35088
84.92	23341ca4e4830bee	63008	569017	8192	32272	29776	0	101103	35088
84.74	23341ca4e4830bee	62960	569208	8192	32288	29792	0	101095	35200
84.92	23341ca4e4830bee	62960	569400	8192	32288	29792	0	101103	35200
84.92	23341ca4e4830bee	62960	569591	8192	32288	29792	0	101103	35200
84.92	23341ca4e4830bee	62944	569782	8320	32288	29792	0	101101	35232
84.74	23341ca4e4830bee	62944	569973	8320	32320	29808	0	101095	35232
84.92	23341ca4e4830bee	62944	570223	8320	32320	29808	0	101103	35232
84.92	23341ca4e4830bee	62944	570414	8320	32320	29808	0	101103	35232
84.74	23341ca4e4830bee	62928	570605	8192	32272	29776	0	101089	35136
84.74	23341ca4e4830bee	62928	570796	8192	32272	29776	0	101091	35136
84.74	23341ca4e4830bee	62928	570987	8192	32272	29776	0	101089	35136
84.92	23341ca4e4830bee	62928	571178	8192	32272	29776	0	101101	35136
84.92	23341ca4e4830bee	62928	571369	8192	32272	29760	0	101095	35088
84.74	23341ca4e4830bee	62928	571560	8192	32272	29760	0	101107	35088
84.92	23341ca4e4830bee	62928	571752	8192	32272	29760	0	101103	35088
84.92	23341ca4e4830bee	62928	571943	8320	32272	29760	0	101099	35200
84.92	23341ca4e4830bee	62928	572134	8320	32272	29808	0	101101	35200
84.92	23341ca4e4830bee	62928	572325	8320	32272	29808	0	101101	35200
84.92	23341ca4e4830bee	62928	572507	8320	32272	29808	0	101099	35200
84.92	23341ca4e4830bee	62928	572698	8192	32256	29808	0	101099	35088
84.92	23341ca4e4830bee	62928	572889	8192	32256	29760	0	101101	35088
84.92	23341ca4e4830bee	62928	573088	8192	32256	29760	0	101093	35088
84.92	23341ca4e4830bee	62928	573279	8192	32256	29760	0	101099	35088
84.92	23341ca4e4830bee	62928	573471	8320	32256	29824	0	101095	35232
84.92	23341ca4e4830bee	62928	573662	8320	32256	29824	0	101099	35232
84.92	23341ca4e4830bee	62928	573853	8320	32256	29824	0	101099	35232
84.92	23341ca4e4830bee	62928	574089	8320	32256	29824	0	101099	35232
84.92	23341ca4e4830bee	62928	574280	8320	32272	29808	0	101111	35248
84.92	23341ca4e4830bee	62928	574471	8320	32272	29808	0	101099	35248
84.92	23341ca4e4830bee	62928	574662	8320	32272	29808	0	101095	35248
84.92	23341ca4e4830bee	62928	574853	8320	32272	29808	0	101105	35104
84.92	23341ca4e4830bee	62928	575045	8320	32256	29808	0	101099	35104
84.92	23341ca4e4830bee	62928	575236	8320	32256	29808	0	101103	35104
84.92	23341ca4e4830bee	62928	575417	8320	32256	29808	0	101101	35104
84.92	23341ca4e4830bee	62928	575608	8320	32304	29808	0	101103	35136
84.92	23341ca4e4830bee	62928	575799	8320	32304	29808	0	101103	35136
84.92	23341ca4e4830bee	62928	575990	8320	32304	29808	0	101091	35136
84.92	23341ca4e4830bee	62928	576181	8320	32304	29808	0	101099	35136
84.92	23341ca4e4830bee	62928	576372	8320	32320	29776	0	101093	35072
84.92	23341ca4e4830bee	62928	576564	8320	32320	29776	0	101091	35072
84.92	23341ca4e4830bee	62928	576755	8320	32320	29776	0	101099	35072
84.92	23341ca4e4830bee	62928	576946	8320	32320	29776	0	101101	35072
84.92	23341ca4e4830bee	62928	577128	8320	32288	29792	0	101099	35184
84.92	23341ca4e4830bee	62928	577319	8320	32288	29792	0	101101	35184
84.92	23341ca4e4830bee	62928	577510	8320	32288	29792	0	101105	35184
84.92	23341ca4e4830bee	62928	577701	8320	32288	29792	0	101107	35184
84.92	23341ca4e4830bee	62928	577929	8320	32272	29792	0	101101	35216
84.92	23341ca4e4830bee	62928	578120	8320	32272	29792	0	101105	35216
84.92	23341ca4e4830bee	62928	578312	8320	32272	29792	0	101099	35216
84.92	23341ca4e4830bee	63488	578503	8320	32272	29792	0	101095	35104
84.92	23341ca4e4830bee	63488	578694	8320	32272	29792	0	101101	35104
84.92	23341ca4e4830bee	63488	578885	8320	32272	29792	1	101099	35104
84.92	23341ca4e4830bee	63488	579076	8320	32272	29792	1	101093	35104
84.74	23341ca4e4830bee	63184	579258	8320	32256	29744	0	101103	35168
84.92	23341ca4e4830bee	63184	579449	8320	32256	29744	1	101107	35168
84.92	23341ca4e4830bee	63184	579640	8320	32256	29744	1	101093	35168
84.92	23341ca4e4830bee	63184	579831	8320	32256	29744	1	101093	35168
84.92	23341ca4e4830bee	62928	580022	8320	32304	29808	1	101099	35184
84.92	23341ca4e4830bee	62928	580214	8320	32304	29808	0	101099	35184
84.92	23341ca4e4830bee	62928	580405	8320	32304	29808	0	101099	35184
84.92	23341ca4e4830bee	62928	580596	8320	32304	29808	0	101105	35184
84.92	23341ca4e4830bee	62928	580777	8320	32272	29824	0	101103	35152
84.92	23341ca4e4830bee	62928	580968	8320	32272	29824	0	101107	35152
84.92	23341ca4e4830bee	62928	581159	8320	32272	29824	0	101113	35152
84.74	23341ca4e4830bee	62912	581351	8320	32272	29824	0	101101	35136
84.74	23341ca4e4830bee	62912	581542	8320	32240	29824	0	101103	35136
84.74	23341ca4e4830bee	62912	581783	8320	32240	29824	0	101105	35136
84.74	23341ca4e4830bee	62912	581974	8320	32240	29824	0	101103	35136
84.92	23341ca4e4830bee	62928	582165	8320	32304	29808	0	101089	35184
84.74	23341ca4e4830bee	62928	582356	8320	32304	29808	0	101099	35184
84.74	23341ca4e4830bee	62928	582537	8320	32304	29808	0	101095	35184
84.74	23341ca4e4830bee	62928	582729	8192	32304	29808	0	101089	35184
84.74	23341ca4e4830bee	63056	582920	8192	32272	29808	0	101093	35184
84.74	23341ca4e4830bee	63056	583111	8192	32272	29808	1	101091	35184
84.74	23341ca4e4830bee	63056	583302	8192	32272	29808	0	101093	35184
84.74	23341ca4e4830bee	63056	583493	8320	32272	29808	1	101101	35184
84.74	23341ca4e4830bee	63008	583684	8320	32288	29776	0	101101	35184
84.74	23341ca4e4830bee	63008	583875	8320	32288	29776	1	101091	35184
84.74	23341ca4e4830bee	63008	584066	8320	32288	29776	1	101091	35184
84.74	23341ca4e4830bee	62912	584248	8320	32256	29776	1	101095	35184
84.74	23341ca4e4830bee	62912	584439	8320	32256	29776	1	101099	35184
84.74	23341ca4e4830bee	62912	584630	8320	32256	29776	0	101095	35184
84.74	23341ca4e4830bee	62912	584821	8320	32256	29776	1	101095	35184
84.74	23341ca4e4830bee	62896	585012	8320	32304	29808	1	101091	35120
84.74	23341ca4e4830bee	62896	585223	8320	32304	29808	1	101089	35120
84.92	23341ca4e4830bee	62896	585415	8320	32304	29808	1	101101	35120
84.92	23341ca4e4830bee	62896	585644	8320	32304	29808	0	101105	35120
84.92	23341ca4e4830bee	62880	585835	8320	32288	29808	0	101105	35152
84.92	23341ca4e4830bee	62880	586026	8320	32288	29808	0	101101	35152
84.92	23341ca4e4830bee	62880	586217	8320	32288	29808	0	101095	35152
84.92	23341ca4e4830bee	62880	586398	8320	32288	29808	0	101093	35136
84.92	23341ca4e4830bee	62880	586589	8320	32256	29808	0	101099	35136
84.92	23341ca4e4830bee	62880	586781	8320	32256	29808	0	101099	35136
84.92	23341ca4e4830bee	62880	586972	8320	32256	29808	0	101099	35136
84.92	23341ca4e4830bee	62880	587163	8320	32256	29808	0	101091	35168
84.92	23341ca4e4830bee	62880	587354	8320	32256	29808	0	101099	35168
84.92	23341ca4e4830bee	62880	587545	8320	32256	29808	0	101099	35168
84.92	23341ca4e4830bee	62880	587736	8320	32256	29808	0	101085	35168
84.92	23341ca4e4830bee	62880	587927	8320	32272	29808	0	101099	35120
84.92	23341ca4e4830bee	62880	588108	8320	32272	29808	0	101085	35120
84.92	23341ca4e4830bee	62880	588300	8320	32272	29808	0	101099	35120
84.92	23341ca4e4830bee	62880	588491	8320	32272	29808	0	101099	35120
84.92	23341ca4e4830bee	62880	588682	8320	32288	29776	0	101099	35136
84.92	23341ca4e4830bee	62880	588873	8320	32288	29776	0	101099	35136
84.92	23341ca4e4830bee	62880	589064	8320	32288	29776	0	101105	35136
84.92	23341ca4e4830bee	62880	589261	8320	32288	29776	0	101103	35136
84.92	23341ca4e4830bee	62864	589499	8320	32272	29808	0	101105	35088
84.92	23341ca4e4830bee	62864	589690	8320	32272	29808	0	101101	35088
84.92	23341ca4e4830bee	62864	589881	8320	32272	29808	0	101101	35088
84.92	23341ca4e4830bee	62880	590072	8320	32304	29792	0	101089	35168
84.92	23341ca4e4830bee	62880	590263	8320	32304	29792	0	101103	35168
84.92	23341ca4e4830bee	62880	590455	8320	32304	29792	0	101089	35168
84.92	23341ca4e4830bee	62880	590646	8320	32304	29792	0	101093	35168
84.92	23341ca4e4830bee	62864	590837	8320	32288	29808	0	101087	35168
84.92	23341ca4e4830bee	62864	591028	8320	32288	29808	0	101087	35168
84.92	23341ca4e4830bee	62864	591217	8320	32288	29808	0	101101	35168
84.92	23341ca4e4830bee	62864	591408	8320	32288	29808	0	101101	35168
84.92	23341ca4e4830bee	62864	591589	8320	32256	29808	0	101091	35136
84.92	23341ca4e4830bee	62864	591780	8320	32256	29808	0	101093	35136
84.92	23341ca4e4830bee	62864	591972	8320	32256	29808	0	101105	35136
84.92	23341ca4e4830bee	62864	592163	8320	32256	29808	0	101083	35136
84.92	23341ca4e4830bee	62880	592354	8320	32272	29760	0	101089	35136
84.92	23341ca4e4830bee	62880	592545	8320	32272	29760	0	101103	35136
84.92	23341ca4e4830bee	62880	592736	8320	32272	29760	0	101095	35136
84.92	23341ca4e4830bee	62880	592928	8320	32224	29760	0	101101	35200
84.92	23341ca4e4830bee	62880	593109	8320	32224	29792	0	101095	35200
84.92	23341ca4e4830bee	62880	593349	8320	32224	29792	0	101103	35200
84.92	23341ca4e4830bee	62880	593530	8320	32224	29792	0	101103	35200
84.92	23341ca4e4830bee	62864	593721	8320	32256	29792	0	101093	35152
84.92	23341ca4e4830bee	62864	593912	8320	32256	29792	0	101091	35152
84.92	23341ca4e4830bee	62864	594103	8320	32256	29792	0	101107	35152
84.92	23341ca4e4830bee	62864	594294	8320	32256	29792	0	101103	35152
84.92	23341ca4e4830bee	62864	594485	8320	32256	29792	0	101093	35136
84.92	23341ca4e4830bee	62864	594676	8320	32256	29792	0	101093	35136
84.92	23341ca4e4830bee	62864	594867	8320	32256	29792	0	101095	35136
84.92	23341ca4e4830bee	62864	595058	8320	32256	29792	0	101095	35136
84.92	23341ca4e4830bee	62864	595239	8320	32256	29808	0	101103	35136
84.92	23341ca4e4830bee	62864	595431	8320	32256	29808	0	101099	35136
84.92	23341ca4e4830bee	62864	595622	8320	32256	29808	0	101103	35136
84.92	23341ca4e4830bee	62864	595813	8192	32240	29808	0	101095	35136
84.92	23341ca4e4830bee	62864	596004	8192	32240	29808	0	101091	35136
84.92	23341ca4e4830bee	62864	596196	8192	32240	29808	0	101101	35136
84.92	23341ca4e4830bee	62864	596387	8192	32240	29808	0	101099	35136
84.92	23341ca4e4830bee	62864	596578	8320	32272	29808	0	101099	35136
84.92	23341ca4e4830bee	62864	596760	8320	32272	29808	0	101091	35136
84.92	23341ca4e4830bee	62864	596951	8320	32272	29808	0	101107	35136
84.92	23341ca4e4830bee	62864	597191	8320	32272	29808	0	101099	35136
84.92	23341ca4e4830bee	62880	597382	8320	32272	29792	0	101091	35152
84.92	23341ca4e4830bee	62880	597573	8320	32272	29792	0	101105	35152
84.92	23341ca4e4830bee	62880	597764	8320	32272	29792	0	101109	35152
84.92	23341ca4e4830bee	62880	597955	8320	32272	29792	0	101099	35184
84.92	23341ca4e4830bee	62880	598146	8320	32272	29792	0	101103	35184
84.92	23341ca4e4830bee	62880	598337	8320	32272	29792	0	101093	35184
84.92	23341ca4e4830bee	62880	598528	8320	32272	29792	0	101105	35184
84.92	23341ca4e4830bee	62880	598710	8192	32256	29760	0	101095	35184
84.92	23341ca4e4830bee	62880	598901	8192	32256	29760	0	101095	35184
84.92	23341ca4e4830bee	62880	599092	8192	32256	29760	0	101103	35184
84.92	23341ca4e4830bee	62880	599283	8192	32256	29760	0	101103	35184
84.92	23341ca4e4830bee	62864	599474	8320	32256	29792	0	101103	35168
84.92	23341ca4e4830bee	62864	599665	8320	32256	29792	0	101091	35168
84.92	23341ca4e4830bee	62864	599856	8320	32256	29792	0	101091	35168
84.92	23341ca4e4830bee	62864	600048	8320	32256	29792	0	101095	35168
84.92	23341ca4e4830bee	62880	600259	8320	32272	29776	0	101091	35136
84.92	23341ca4e4830bee	62880	600440	8320	32272	29776	0	101103	35136
84.92	23341ca4e4830bee	62880	600631	8320	32272	29776	0	101099	35136
84.92	23341ca4e4830bee	62880	600822	8320	32272	29776	0	101101	35136
84.92	23341ca4e4830bee	62880	601062	8320	32304	29808	0	101099	35168
84.92	23341ca4e4830bee	62880	601254	8320	32304	29808	0	101107	35168
84.92	23341ca4e4830bee	62880	601445	8320	32304	29808	0	101103	35168
84.92	23341ca4e4830bee	62880	601636	8320	32288	29792	0	101091	35184
84.92	23341ca4e4830bee	62880	601827	8320	32288	29792	0	101091	35184
84.92	23341ca4e4830bee	62880	602018	8320	32288	29792	0	101091	35184
84.92	23341ca4e4830bee	62880	602209	8320	32288	29792	0	101101	35184
84.92	23341ca4e4830bee	62880	602390	8320	32256	29744	0	101093	35136
84.92	23341ca4e4830bee	62880	602581	8320	32256	29744	0	101093	35136
84.92	23341ca4e4830bee	62880	602772	8320	32256	29744	0	101101	35136
84.92	23341ca4e4830bee	62880	602964	8192	32256	29744	0	101091	35136
84.92	23341ca4e4830bee	62896	603155	8192	32272	29808	0	101095	35152
84.92	23341ca4e4830bee	62896	603346	8192	32272	29808	0	101095	35152
84.92	23341ca4e4830bee	62896	603537	8192	32272	29808	0	101095	35152
84.92	23341ca4e4830bee	62880	603728	8320	32272	29808	0	101103	35152
84.92	23341ca4e4830bee	62880	603919	8320	32288	29776	0	101105	35152
84.92	23341ca4e4830bee	62880	604112	8320	32288	29776	0	101101	35152
84.92	23341ca4e4830bee	62880	604303	8320	32288	29776	0	101105	35152
84.92	23341ca4e4830bee	62880	604494	8320	32272	29792	0	101101	35104
84.92	23341ca4e4830bee	62880	604685	8320	32272	29792	0	101099	35104
84.92	23341ca4e4830bee	62880	604924	8320	32272	29792	0	101101	35104
84.92	23341ca4e4830bee	62880	605126	8320	32272	29792	0	101099	35104
84.92	23341ca4e4830bee	62880	605317	8320	32256	29824	0	101099	35120
84.92	23341ca4e4830bee	62880	605508	8320	32256	29824	0	101083	35120
84.92	23341ca4e4830bee	62880	605699	8320	32256	29824	0	101099	35120
84.92	23341ca4e4830bee	62880	605891	8320	32256	29824	0	101095	35136
84.92	23341ca4e4830bee	62880	606082	8320	32304	29808	0	101095	35136
84.92	23341ca4e4830bee	62880	606273	8320	32304	29808	0	101099	35136
84.92	23341ca4e4830bee	62880	606464	8320	32304	29808	0	101099	35136
84.92	23341ca4e4830bee	62880	606655	8320	32256	29808	0	101089	35136
84.92	23341ca4e4830bee	62880	606846	8320	32256	29776	0	101095	35136
84.92	23341ca4e4830bee	62880	607037	8320	32256	29776	0	101091	35136
84.92	23341ca4e4830bee	62880	607228	8320	32256	29776	0	101095	35136
84.92	23341ca4e4830bee	62880	607419	8320	32256	29776	0	101095	35168
84.92	23341ca4e4830bee	62880	607601	8320	32256	29776	0	101101	35168
84.92	23341ca4e4830bee	62880	607792	8320	32256	29776	0	101093	35168
84.92	23341ca4e4830bee	62880	607983	8320	32256	29776	0	101099	35168
84.92	23341ca4e4830bee	62880	608174	8320	32256	29808	0	101101	35136
84.92	23341ca4e4830bee	62880	608365	8320	32256	29808	0	101091	35136
84.92	23341ca4e4830bee	62880	608557	8320	32256	29808	0	101091	35136
84.92	23341ca4e4830bee	62880	608784	8320	32256	29808	0	101095	35120
84.92	23341ca4e4830bee	62880	608975	8320	32272	29808	0	101091	35120
84.92	23341ca4e4830bee	62880	609166	8320	32272	29808	0	101091	35120
84.92	23341ca4e4830bee	62880	609358	8320	32272	29808	0	101087	35120
84.92	23341ca4e4830bee	62880	609549	8320	32240	29776	0	101089	35184
84.92	23341ca4e4830bee	62880	609740	8320	32240	29776	0	101095	35184
84.92	23341ca4e4830bee	62880	609931	8320	32240	29776	0	101099	35184
84.92	23341ca4e4830bee	62880	610122	8320	32240	29776	0	101099	35184
84.92	23341ca4e4830bee	62880	610313	8320	32272	29808	0	101099	35152
84.92	23341ca4e4830bee	62880	610504	8320	32272	29808	0	101091	35152
84.92	23341ca4e4830bee	62880	610696	8320	32272	29808	0	101093	35152
84.92	23341ca4e4830bee	62880	610887	8320	32272	29808	0	101095	35152
84.92	23341ca4e4830bee	62880	611078	8320	32256	29792	0	101093	35136
84.92	23341ca4e4830bee	62880	611269	8320	32256	29792	0	101093	35136
84.92	23341ca4e4830bee	62880	611460	8320	32256	29792	0	101089	35136
84.92	23341ca4e4830bee	62880	611641	8320	32256	29792	0	101095	35136
84.92	23341ca4e4830bee	62880	611833	8320	32256	29808	0	101093	35104
84.92	23341ca4e4830bee	62880	612024	8320	32256	29808	0	101095	35104
84.92	23341ca4e4830bee	62880	612222	8320	32256	29808	0	101091	35104
84.92	23341ca4e4830bee	62880	612414	8320	32256	29808	0	101099	35184
84.92	23341ca4e4830bee	62880	612656	8320	32240	29776	0	101099	35184
84.92	23341ca4e4830bee	62880	612847	8320	32240	29776	0	101099	35184
84.92	23341ca4e4830bee	62880	613038	8320	32240	29776	0	101089	35184
84.92	23341ca4e4830bee	62880	613229	8320	32240	29792	0	101095	35184
84.92	23341ca4e4830bee	62880	613421	8320	32240	29792	0	101095	35184
84.92	23341ca4e4830bee	62880	613602	8320	32240	29792	0	101095	35184
84.92	23341ca4e4830bee	62880	613793	8320	32240	29792	0	101095	35184
84.92	23341ca4e4830bee	62880	613984	8192	32240	29792	0	101105	35168
84.92	23341ca4e4830bee	62880	614175	8192	32240	29792	0	101099	35168
84.92	23341ca4e4830bee	62880	614366	8192	32240	29792	0	101103	35168
84.92	23341ca4e4830bee	62880	614557	8320	32240	29792	0	101099	35120
84.92	23341ca4e4830bee	62880	614748	8320	32288	29840	0	101095	35120
84.92	23341ca4e4830bee	62880	614939	8320	32288	29840	0	101103	35120
84.92	23341ca4e4830bee	62880	615131	8320	32288	29840	0	101099	35120
84.92	23341ca4e4830bee	62880	615312	8320	32288	29840	0	101091	35136
84.92	23341ca4e4830bee	62880	615503	8320	32256	29808	0	101105	35136
84.92	23341ca4e4830bee	62880	615694	8320	32256	29808	0	101085	35136
84.92	23341ca4e4830bee	62880	615886	8320	32256	29808	0	101103	35136
84.92	23341ca4e4830bee	62880	616077	8320	32224	29808	0	101099	35088
84.92	23341ca4e4830bee	62880	616268	8320	32224	29808	0	101091	35088
84.92	23341ca4e4830bee	62880	616497	8320	32224	29808	0	101103	35088
84.92	23341ca4e4830bee	62880	616688	8320	32224	29808	0	101099	35088
84.92	23341ca4e4830bee	62880	616879	8320	32288	29824	0	101091	35152
84.92	23341ca4e4830bee	62880	617071	8320	32288	29824	0	101095	35152
84.92	23341ca4e4830bee	62880	617262	8320	32288	29824	0	101091	35152
84.92	23341ca4e4830bee	62880	617453	8320	32288	29824	0	101105	35168
84.92	23341ca4e4830bee	62880	617644	8320	32272	29792	0	101105	35168
84.92	23341ca4e4830bee	62880	617836	8320	32272	29792	0	101103	35168
84.92	23341ca4e4830bee	62880	618027	8320	32272	29792	0	101089	35168
84.92	23341ca4e4830bee	62880	618218	8192	32304	29792	0	101099	35168
84.92	23341ca4e4830bee	62880	618409	8192	32304	29792	0	101105	35168
84.92	23341ca4e4830bee	62880	618600	8192	32304	29792	0	101091	35168
84.92	23341ca4e4830bee	62880	618791	8192	32304	29792	0	101099	35168
84.92	23341ca4e4830bee	62880	618972	8320	32288	29776	0	101105	35184
84.92	23341ca4e4830bee	62880	619175	8320	32288	29776	0	101099	35184
84.92	23341ca4e4830bee	62880	619366	8320	32288	29776	0	101099	35184
84.92	23341ca4e4830bee	62880	619557	8320	32288	29776	0	101109	35184
84.92	23341ca4e4830bee	62880	619748	8320	32272	29792	0	101103	35104
84.92	23341ca4e4830bee	62880	619940	8320	32272	29792	0	101099	35104
84.92	23341ca4e4830bee	62880	620131	8320	32272	29792	0	101099	35104
84.92	23341ca4e4830bee	62880	620363	8320	32272	29792	0	101103	35200
84.92	23341ca4e4830bee	62880	620554	8320	32320	29792	0	101105	35200
84.92	23341ca4e4830bee	62880	620745	8320	32320	29792	0	101109	35200
84.92	23341ca4e4830bee	62880	620936	8320	32320	29792	0	101099	35200
84.92	23341ca4e4830bee	62880	621127	8320	32272	29792	0	101099	35200
84.92	23341ca4e4830bee	62880	621318	8320	32272	29792	0	101091	35200
84.92	23341ca4e4830bee	62880	621510	8320	32272	29792	0	101105	35200
84.92	23341ca4e4830bee	62880	621701	8320	32272	29792	0	101105	35200
84.92	23341ca4e4830bee	62880	621892	8320	32272	29760	0	101099	35088
84.92	23341ca4e4830bee	62880	622073	8320	32272	29760	0	101099	35088
84.92	23341ca4e4830bee	62880	622264	8320	32272	29760	0	101099	35088
84.92	23341ca4e4830bee	62880	622455	8320	32272	29760	0	101095	35088
84.92	23341ca4e4830bee	62880	622646	8192	32256	29808	0	101103	35136
84.92	23341ca4e4830bee	62880	622837	8192	32256	29808	0	101091	35136
84.92	23341ca4e4830bee	62880	623029	8192	32256	29808	0	101083	35136
84.92	23341ca4e4830bee	62880	623230	8192	32256	29808	0	101091	35168
84.92	23341ca4e4830bee	62880	623421	8192	32288	29808	0	101091	35168
84.92	23341ca4e4830bee	62880	623612	8192	32288	29808	0	101105	35168
84.92	23341ca4e4830bee	62880	623803	8192	32288	29808	0	101107	35168
84.92	23341ca4e4830bee	62880	623995	8320	32256	29808	0	101095	35088
84.92	23341ca4e4830bee	62880	624223	8320	32256	29760	0	101099	35088
84.92	23341ca4e4830bee	62880	624414	8320	32256	29760	0	101103	35088
84.92	23341ca4e4830bee	62880	624605	8320	32256	29760	0	101089	35088
84.92	23341ca4e4830bee	62880	624796	8320	32256	29792	0	101089	35136
84.92	23341ca4e4830bee	62880	624987	8320	32256	29792	0	101093	35136
84.92	23341ca4e4830bee	62880	625178	8320	32256	29792	0	101091	35136
84.92	23341ca4e4830bee	62880	625369	8320	32256	29792	0	101099	35136
84.92	23341ca4e4830bee	62880	625561	8320	32256	29776	0	101091	35216
84.92	23341ca4e4830bee	62880	625752	8320	32256	29776	0	101089	35216
84.92	23341ca4e4830bee	62880	625933	8320	32256	29776	0	101099	35216
84.92	23341ca4e4830bee	62880	626124	8320	32256	29776	0	101099	35104
84.92	23341ca4e4830bee	62880	626315	8320	32240	29792	0	101103	35104
84.92	23341ca4e4830bee	62880	626506	8320	32240	29792	0	101099	35104
84.92	23341ca4e4830bee	62880	626698	8320	32240	29792	0	101099	35104
84.92	23341ca4e4830bee	62880	626889	8320	32256	29824	0	101095	35120
84.92	23341ca4e4830bee	62880	627080	8320	32256	29824	0	101099	35120
84.92	23341ca4e4830bee	62880	627271	8320	32256	29824	0	101105	35120
84.92	23341ca4e4830bee	62880	627471	8320	32256	29824	0	101095	35120
84.92	23341ca4e4830bee	62880	627662	8320	32256	29824	0	101095	35120
84.92	23341ca4e4830bee	62880	627844	8320	32256	29824	0	101103	35120
84.92	23341ca4e4830bee	62880	628082	8320	32256	29824	0	101109	35120
84.92	23341ca4e4830bee	62880	628264	8320	32256	29824	0	101103	35120
84.92	23341ca4e4830bee	62880	628455	8320	32272	29792	0	101101	35184
84.92	23341ca4e4830bee	62880	628646	8320	32272	29792	0	101095	35184
84.92	23341ca4e4830bee	62880	628837	8320	32272	29792	0	101105	35184
84.92	23341ca4e4830bee	62880	629028	8320	32272	29792	0	101103	35104
84.92	23341ca4e4830bee	62880	629219	8320	32304	29808	0	101101	35104
84.92	23341ca4e4830bee	62880	629410	8320	32304	29808	0	101099	35104
84.92	23341ca4e4830bee	62880	629602	8320	32304	29808	0	101095	35104
84.92	23341ca4e4830bee	62880	629793	8320	32288	29792	0	101095	35120
84.92	23341ca4e4830bee	62880	629974	8320	32288	29792	0	101103	35120
84.92	23341ca4e4830bee	62880	630165	8320	32288	29792	0	101103	35120
84.92	23341ca4e4830bee	62880	630356	8320	32288	29792	0	101091	35120
84.92	23341ca4e4830bee	62880	630547	8320	32272	29808	0	101105	35168
84.92	23341ca4e4830bee	62880	630738	8320	32272	29808	0	101093	35168
84.92	23341ca4e4830bee	62880	630930	8320	32272	29808	0	101095	35168
84.92	23341ca4e4830bee	62880	631125	8320	32272	29808	0	101099	35168
84.92	23341ca4e4830bee	62880	631317	8320	32272	29808	0	101095	35264
84.92	23341ca4e4830bee	62880	631508	8320	32272	29808	0	101093	35264
84.92	23341ca4e4830bee	62880	631699	8320	32272	29808	0	101099	35264
84.92	23341ca4e4830bee	62880	631938	8320	32272	29808	0	101095	35120
84.92	23341ca4e4830bee	62880	632129	8320	32272	29792	0	101099	35120
84.92	23341ca4e4830bee	62880	632320	8320	32272	29792	0	101099	35120
84.92	23341ca4e4830bee	62880	632511	8320	32272	29792	0	101099	35120
84.92	23341ca4e4830bee	62896	632703	8320	32272	29776	0	101099	35200
84.92	23341ca4e4830bee	62896	632884	8320	32272	29776	0	101103	35200
84.92	23341ca4e4830bee	62896	633075	8320	32272	29776	0	101089	35200
84.92	23341ca4e4830bee	62896	633266	8320	32272	29776	0	101101	35200
84.92	23341ca4e4830bee	62880	633457	8320	32288	29792	0	101107	35200
84.92	23341ca4e4830bee	62880	633648	8320	32288	29792	0	101093	35200
84.92	23341ca4e4830bee	62880	633839	8320	32288	29792	0	101087	35200
84.92	23341ca4e4830bee	62880	634030	8320	32288	29792	0	101095	35200
84.92	23341ca4e4830bee	62896	634230	8320	32272	29792	0	101093	35120
84.92	23341ca4e4830bee	62896	634421	8320	32272	29792	0	101083	35120
84.92	23341ca4e4830bee	62896	634612	8320	32272	29792	0	101101	35120
84.92	23341ca4e4830bee	62896	634804	8320	32272	29792	0	101087	35104
84.92	23341ca4e4830bee	62896	634995	8320	32256	29824	0	101103	35104
84.92	23341ca4e4830bee	62896	635186	8320	32256	29824	0	101101	35104
84.92	23341ca4e4830bee	62896	635377	8320	32256	29824	0	101093	35104
84.92	23341ca4e4830bee	62896	635568	8320	32272	29808	0	101095	35120
84.92	23341ca4e4830bee	62896	635801	8320	32272	29808	0	101095	35120
84.92	23341ca4e4830bee	62896	635992	8320	32272	29808	0	101101	35120
84.92	23341ca4e4830bee	62896	636183	8320	32272	29808	0	101109	35120
84.92	23341ca4e4830bee	62880	636364	8320	32304	29728	0	101103	35104
84.92	23341ca4e4830bee	62880	636555	8320	32304	29728	0	101095	35104
84.92	23341ca4e4830bee	62880	636746	8320	32304	29728	0	101099	35104
84.92	23341ca4e4830bee	62880	636937	8320	32304	29728	0	101103	35104
84.92	23341ca4e4830bee	62896	637129	8320	32288	29776	0	101091	35104
84.92	23341ca4e4830bee	62896	637320	8320	32288	29776	0	101091	35104
84.92	23341ca4e4830bee	62896	637511	8320	32288	29776	0	101101	35104
84.92	23341ca4e4830bee	62880	637702	8320	32288	29776	0	101101	35136
84.92	23341ca4e4830bee	62880	637893	8320	32240	29792	0	101095	35136
84.92	23341ca4e4830bee	62880	638074	8320	32240	29792	0	101101	35136
84.92	23341ca4e4830bee	62880	638266	8320	32240	29792	0	101107	35136
84.92	23341ca4e4830bee	62896	638457	8320	32272	29808	0	101103	35120
84.92	23341ca4e4830bee	62896	638649	8320	32272	29808	0	101101	35120
84.92	23341ca4e4830bee	62896	638840	8320	32272	29808	0	101091	35120
84.92	23341ca4e4830bee	62896	639031	8320	32272	29808	0	101087	35120
84.92	23341ca4e4830bee	62896	639222	8320	32256	29824	0	101095	35136
84.92	23341ca4e4830bee	62896	639414	8320	32256	29824	0	101101	35136
84.92	23341ca4e4830bee	62896	639645	8320	32256	29824	0	101091	35136
84.92	23341ca4e4830bee	62896	639836	8320	32256	29824	0	101095	35136
84.92	23341ca4e4830bee	62896	640027	8320	32288	29792	0	101095	35120
84.92	23341ca4e4830bee	62896	640218	8320	32288	29792	0	101103	35120
84.92	23341ca4e4830bee	62896	640409	8320	32288	29792	0	101099	35120
84.92	23341ca4e4830bee	62896	640600	8320	32256	29792	0	101107	35152
84.92	23341ca4e4830bee	62896	640791	8320	32256	29744	0	101109	35152
84.92	23341ca4e4830bee	62896	640982	8320	32256	29744	0	101101	35152
84.92	23341ca4e4830bee	62896	641173	8320	32256	29744	0	101101	35152
84.92	23341ca4e4830bee	62896	641354	8320	32256	29776	0	101093	35072
84.92	23341ca4e4830bee	62896	641546	8320	32256	29776	0	101091	35072
84.92	23341ca4e4830bee	62896	641737	8320	32256	29776	0	101095	35072
84.92	23341ca4e4830bee	62896	641928	8320	32256	29776	0	101103	35072
84.92	23341ca4e4830bee	62896	642119	8320	32272	29808	0	101091	35232
84.92	23341ca4e4830bee	62896	642310	8320	32272	29808	0	101093	35232
84.92	23341ca4e4830bee	62896	642501	8320	32272	29808	0	101095	35232
84.92	23341ca4e4830bee	62896	642693	8320	32272	29808	0	101091	35232
84.92	23341ca4e4830bee	62896	642884	8320	32272	29808	0	101095	35184
84.92	23341ca4e4830bee	62896	643065	8320	32272	29808	0	101093	35184
84.92	23341ca4e4830bee	62896	643257	8320	32272	29808	0	101103	35184