Digit_temp	id	light	timestamp	acc_z	acc_y	acc_x	motion	pressure	humid
84.92	23341ca4e4830bee	62976	1944777	8320	32288	29824	0	101083	35104
84.92	23341ca4e4830bee	62976	1944976	8320	32288	29824	0	101075	35104
84.92	23341ca4e4830bee	62976	1945167	8320	32288	29824	0	101077	35104
84.92	23341ca4e4830bee	62976	1945363	8320	32288	29824	0	101075	35104
84.92	23341ca4e4830bee	62976	1945554	8320	32256	29840	0	101077	35120
84.92	23341ca4e4830bee	62976	1945745	8320	32256	29840	0	101081	35120
84.92	23341ca4e4830bee	62976	1945926	8320	32256	29840	0	101083	35120
84.92	23341ca4e4830bee	62976	1946117	8320	32256	29840	0	101083	35120
84.92	23341ca4e4830bee	62976	1946308	8320	32304	29840	0	101081	35152
84.92	23341ca4e4830bee	62976	1946499	8320	32304	29840	0	101087	35152
84.92	23341ca4e4830bee	62976	1946690	8320	32304	29840	0	101081	35152
84.92	23341ca4e4830bee	62976	1946881	8320	32304	29840	0	101075	35120
84.92	23341ca4e4830bee	62976	1947072	8320	32272	29824	0	101075	35120
84.92	23341ca4e4830bee	62976	1947263	8320	32272	29824	0	101083	35120
84.92	23341ca4e4830bee	62976	1947454	8320	32272	29824	0	101083	35120
84.92	23341ca4e4830bee	62976	1947646	8320	32256	29824	0	101087	35184
84.92	23341ca4e4830bee	62976	1947827	8320	32256	29824	0	101075	35184
84.92	23341ca4e4830bee	62976	1948018	8320	32256	29824	0	101075	35184
84.92	23341ca4e4830bee	62976	1948209	8320	32256	29824	0	101083	35184
84.92	23341ca4e4830bee	62976	1948400	8320	32288	29840	0	101071	35088
84.92	23341ca4e4830bee	62976	1948641	8320	32288	29840	0	101071	35088
84.92	23341ca4e4830bee	62976	1948833	8320	32288	29840	0	101075	35088
84.92	23341ca4e4830bee	62976	1949024	8320	32288	29840	0	101071	35120
84.92	23341ca4e4830bee	62976	1949215	8320	32304	29840	0	101081	35120
84.92	23341ca4e4830bee	62976	1949406	8320	32304	29840	0	101075	35120
84.92	23341ca4e4830bee	62976	1949587	8320	32304	29840	0	101081	35120
84.92	23341ca4e4830bee	62976	1949778	8320	32304	29840	0	101069	35136
84.92	23341ca4e4830bee	62976	1949969	8320	32256	29824	0	101083	35136
84.92	23341ca4e4830bee	62976	1950160	8320	32256	29824	0	101087	35136
84.92	23341ca4e4830bee	62976	1950371	8320	32256	29824	0	101081	35136
84.92	23341ca4e4830bee	62976	1950562	8320	32256	29840	0	101079	35104
84.92	23341ca4e4830bee	62976	1950753	8320	32256	29840	0	101073	35104
84.92	23341ca4e4830bee	62976	1950944	8320	32256	29840	0	101073	35104
84.92	23341ca4e4830bee	62976	1951136	8320	32256	29840	0	101073	35104
84.92	23341ca4e4830bee	62976	1951327	8320	32256	29856	0	101075	35104
84.92	23341ca4e4830bee	62976	1951518	8320	32256	29856	0	101079	35104
84.92	23341ca4e4830bee	62976	1951709	8320	32256	29856	0	101079	35104
84.92	23341ca4e4830bee	62976	1951900	8320	32256	29856	0	101073	35104
84.92	23341ca4e4830bee	62976	1952092	8320	32304	29824	0	101077	35216
84.92	23341ca4e4830bee	62976	1952283	8320	32304	29824	0	101077	35216
84.92	23341ca4e4830bee	62976	1952527	8320	32304	29824	0	101081	35216
84.92	23341ca4e4830bee	62976	1952708	8192	32256	29856	0	101083	35056
84.92	23341ca4e4830bee	62976	1952900	8192	32256	29856	0	101085	35056
84.92	23341ca4e4830bee	62976	1953091	8192	32256	29856	0	101079	35056
84.92	23341ca4e4830bee	62976	1953282	8192	32256	29856	0	101081	35056
84.92	23341ca4e4830bee	62976	1953473	8320	32240	29856	0	101081	35136
84.74	23341ca4e4830bee	62976	1953664	8320	32240	29856	0	101077	35136
84.74	23341ca4e4830bee	62976	1953855	8320	32240	29856	0	101081	35136
84.92	23341ca4e4830bee	62976	1954046	8320	32240	29856	0	101077	35136
84.92	23341ca4e4830bee	62976	1954227	8320	32256	29824	0	101079	35088
84.74	23341ca4e4830bee	62976	1954431	8320	32256	29824	0	101077	35088
84.92	23341ca4e4830bee	62976	1954622	8320	32256	29824	0	101077	35088
84.92	23341ca4e4830bee	62976	1954813	8320	32256	29824	0	101089	35168
84.92	23341ca4e4830bee	62976	1955004	8320	32256	29824	0	101077	35168
84.74	23341ca4e4830bee	62976	1955195	8320	32256	29824	0	101075	35168
84.92	23341ca4e4830bee	62976	1955389	8320	32256	29824	0	101075	35168
84.92	23341ca4e4830bee	62976	1955581	8320	32240	29824	0	101073	35200
84.74	23341ca4e4830bee	62976	1955783	8320	32240	29824	0	101071	35200
84.92	23341ca4e4830bee	62976	1955974	8320	32240	29824	0	101083	35200
84.92	23341ca4e4830bee	62976	1956165	8320	32240	29824	0	101079	35200
84.92	23341ca4e4830bee	62976	1956406	8320	32240	29824	0	101089	35200
84.74	23341ca4e4830bee	62976	1956597	8320	32240	29824	0	101081	35200
84.92	23341ca4e4830bee	62976	1956778	8320	32240	29824	0	101081	35200
84.92	23341ca4e4830bee	62976	1956969	8320	32240	29824	0	101083	35104
84.74	23341ca4e4830bee	62976	1957160	8320	32272	29840	0	101069	35104
84.74	23341ca4e4830bee	62976	1957351	8320	32272	29840	0	101087	35104
84.74	23341ca4e4830bee	62976	1957542	8320	32272	29840	0	101075	35104
84.92	23341ca4e4830bee	62976	1957733	8320	32240	29840	0	101073	35216
84.74	23341ca4e4830bee	62976	1957924	8320	32240	29808	0	101071	35216
84.74	23341ca4e4830bee	62976	1958116	8320	32240	29808	0	101075	35216
84.92	23341ca4e4830bee	62976	1958307	8320	32240	29808	0	101093	35216
84.74	23341ca4e4830bee	62976	1958488	8320	32272	29840	0	101077	35200
84.74	23341ca4e4830bee	62976	1958679	8320	32272	29840	0	101071	35200
84.74	23341ca4e4830bee	62976	1958870	8320	32272	29840	0	101071	35200
84.74	23341ca4e4830bee	62976	1959061	8320	32272	29840	0	101077	35200
84.74	23341ca4e4830bee	62976	1959252	8320	32288	29872	0	101083	35216
84.74	23341ca4e4830bee	62976	1959444	8320	32288	29872	0	101071	35216
84.74	23341ca4e4830bee	62976	1959635	8320	32288	29872	0	101077	35216
84.74	23341ca4e4830bee	62976	1959826	8320	32288	29872	0	101083	35216
84.74	23341ca4e4830bee	62976	1960017	8320	32240	29808	0	101071	35104
84.74	23341ca4e4830bee	62976	1960249	8320	32240	29808	0	101079	35104
84.74	23341ca4e4830bee	62976	1960440	8320	32240	29808	0	101089	35104
84.74	23341ca4e4830bee	62976	1960631	8320	32272	29824	0	101081	35088
84.74	23341ca4e4830bee	62976	1960822	8320	32272	29824	0	101083	35088
84.74	23341ca4e4830bee	62976	1961013	8320	32272	29824	0	101085	35088
84.74	23341ca4e4830bee	62976	1961204	8320	32272	29824	0	101077	35088
84.74	23341ca4e4830bee	62976	1961396	8320	32272	29840	0	101073	35104
84.74	23341ca4e4830bee	62976	1961587	8320	32272	29840	0	101089	35104
84.74	23341ca4e4830bee	62976	1961768	8320	32272	29840	0	101077	35104
84.74	23341ca4e4830bee	62976	1961959	8320	32272	29840	0	101085	35104
84.74	23341ca4e4830bee	62976	1962151	8320	32256	29840	0	101071	35104
84.74	23341ca4e4830bee	62976	1962347	8320	32256	29840	0	101075	35104
84.74	23341ca4e4830bee	62976	1962538	8320	32256	29840	0	101077	35104
84.74	23341ca4e4830bee	62976	1962719	8320	32256	29840	0	101081	35104
84.74	23341ca4e4830bee	62976	1962910	8320	32224	29840	0	101071	35200
84.92	23341ca4e4830bee	62976	1963101	8320	32224	29840	0	101081	35200
84.74	23341ca4e4830bee	62976	1963293	8320	32224	29840	0	101077	35200
84.74	23341ca4e4830bee	62976	1963484	8320	32224	29840	0	101081	35136
84.74	23341ca4e4830bee	62976	1963675	8320	32256	29840	0	101069	35136
84.92	23341ca4e4830bee	62976	1963866	8320	32256	29840	0	101081	35136
84.74	23341ca4e4830bee	62976	1964087	8320	32256	29840	0	101077	35136
84.74	23341ca4e4830bee	62976	1964278	8320	32288	29824	0	101081	35120
84.74	23341ca4e4830bee	62976	1964459	8320	32288	29824	0	101081	35120
84.74	23341ca4e4830bee	62976	1964650	8320	32288	29824	0	101077	35120
84.74	23341ca4e4830bee	62976	1964842	8320	32288	29824	0	101077	35120
84.74	23341ca4e4830bee	62976	1965033	8320	32288	29872	0	101065	35216
84.74	23341ca4e4830bee	62976	1965224	8320	32288	29872	0	101083	35216
84.92	23341ca4e4830bee	62976	1965415	8320	32288	29872	0	101093	35216
84.74	23341ca4e4830bee	62976	1965606	8320	32288	29872	0	101075	35216
84.74	23341ca4e4830bee	62976	1965798	8320	32256	29872	0	101081	35104
84.92	23341ca4e4830bee	62976	1965979	8320	32256	29872	0	101093	35104
84.74	23341ca4e4830bee	62976	1966170	8320	32256	29872	0	101075	35104
84.74	23341ca4e4830bee	62976	1966361	8320	32256	29872	0	101081	35120
84.74	23341ca4e4830bee	62976	1966552	8320	32272	29856	0	101077	35120
84.92	23341ca4e4830bee	62976	1966743	8320	32272	29856	0	101083	35120
84.74	23341ca4e4830bee	62976	1966934	8320	32272	29856	0	101077	35120
84.74	23341ca4e4830bee	62976	1967126	8192	32240	29856	0	101079	35200
84.74	23341ca4e4830bee	62976	1967317	8192	32240	29840	0	101083	35200
84.74	23341ca4e4830bee	62976	1967508	8192	32240	29840	0	101075	35200
84.74	23341ca4e4830bee	62976	1967689	8192	32240	29840	0	101081	35200
84.74	23341ca4e4830bee	62976	1967930	8320	32272	29824	0	101071	35056
84.74	23341ca4e4830bee	62976	1968121	8320	32272	29824	0	101077	35056
84.74	23341ca4e4830bee	62976	1968312	8320	32272	29824	0	101077	35056
84.74	23341ca4e4830bee	62976	1968503	8320	32272	29824	0	101071	35056
84.74	23341ca4e4830bee	62976	1968694	8320	32288	29856	0	101087	35072
84.74	23341ca4e4830bee	62976	1968885	8320	32288	29856	0	101077	35072
84.74	23341ca4e4830bee	62976	1969076	8320	32288	29856	0	101087	35072
84.74	23341ca4e4830bee	62976	1969267	8320	32288	29856	0	101083	35136
84.74	23341ca4e4830bee	62976	1969458	8320	32240	29856	0	101077	35136
84.74	23341ca4e4830bee	62976	1969639	8320	32240	29856	0	101075	35136
84.74	23341ca4e4830bee	62976	1969830	8320	32240	29856	0	101081	35136
84.74	23341ca4e4830bee	62976	1970022	8192	32256	29792	0	101071	35200
84.92	23341ca4e4830bee	62976	1970213	8192	32256	29792	0	101091	35200
84.74	23341ca4e4830bee	62976	1970404	8192	32256	29792	0	101081	35200
84.92	23341ca4e4830bee	62976	1970595	8192	32256	29792	0	101089	35200
84.74	23341ca4e4830bee	62976	1970786	8320	32288	29824	0	101075	35120
84.74	23341ca4e4830bee	62976	1970977	8320	32288	29824	0	101077	35120
84.74	23341ca4e4830bee	62976	1971169	8320	32288	29824	0	101077	35120
84.74	23341ca4e4830bee	62976	1971350	8320	32288	29824	0	101077	35120
84.74	23341ca4e4830bee	62976	1971541	8320	32272	29808	0	101083	35152
84.74	23341ca4e4830bee	62976	1971784	8320	32272	29808	0	101083	35152
84.74	23341ca4e4830bee	62976	1971975	8320	32272	29808	0	101075	35152
84.92	23341ca4e4830bee	62976	1972166	8320	32272	29808	0	101077	35200
84.74	23341ca4e4830bee	62976	1972357	8320	32272	29808	0	101083	35200
84.92	23341ca4e4830bee	62976	1972548	8320	32272	29808	0	101089	35200
84.74	23341ca4e4830bee	62976	1972730	8320	32272	29808	0	101083	35200
84.92	23341ca4e4830bee	62976	1972921	8320	32272	29808	0	101089	35120
84.92	23341ca4e4830bee	62976	1973112	8320	32272	29808	0	101077	35120
84.74	23341ca4e4830bee	62976	1973303	8320	32272	29808	0	101069	35120
84.92	23341ca4e4830bee	62976	1973494	8320	32272	29808	0	101083	35120
84.74	23341ca4e4830bee	62976	1973685	8192	32272	29824	0	101081	35104
84.74	23341ca4e4830bee	62976	1973876	8192	32272	29824	0	101083	35104
84.92	23341ca4e4830bee	62976	1974067	8192	32272	29824	0	101073	35104
84.92	23341ca4e4830bee	62976	1974258	8192	32272	29824	0	101083	35104
84.92	23341ca4e4830bee	62976	1974440	8320	32272	29824	0	101075	35152
84.74	23341ca4e4830bee	62976	1974631	8320	32272	29824	0	101077	35152
84.92	23341ca4e4830bee	62976	1974822	8320	32272	29824	0	101087	35152
84.92	23341ca4e4830bee	62976	1975013	8320	32272	29824	0	101085	35152
84.92	23341ca4e4830bee	62976	1975204	8320	32272	29856	0	101083	35168
84.92	23341ca4e4830bee	62976	1975397	8320	32272	29856	0	101083	35168
84.74	23341ca4e4830bee	62976	1975625	8320	32272	29856	0	101071	35168
84.92	23341ca4e4830bee	62976	1975816	8320	32240	29824	0	101099	35184
84.74	23341ca4e4830bee	62976	1976007	8320	32240	29824	0	101077	35184
84.92	23341ca4e4830bee	62976	1976198	8320	32240	29824	0	101089	35184
84.92	23341ca4e4830bee	62976	1976393	8320	32240	29824	0	101083	35184
84.92	23341ca4e4830bee	62976	1976584	8320	32256	29824	0	101081	35152
84.92	23341ca4e4830bee	62976	1976775	8320	32256	29824	0	101087	35152
84.92	23341ca4e4830bee	62976	1976966	8320	32256	29824	0	101083	35152
84.74	23341ca4e4830bee	62976	1977157	8320	32256	29824	0	101081	35152
84.92	23341ca4e4830bee	62976	1977349	8320	32240	29808	0	101077	35136
84.74	23341ca4e4830bee	62976	1977540	8320	32240	29808	0	101093	35136
84.92	23341ca4e4830bee	62976	1977731	8320	32240	29808	0	101079	35136
84.74	23341ca4e4830bee	62976	1977922	8320	32240	29808	0	101077	35120
84.92	23341ca4e4830bee	62976	1978113	8320	32256	29856	0	101087	35120
84.74	23341ca4e4830bee	62976	1978304	8320	32256	29856	0	101077	35120
84.74	23341ca4e4830bee	62976	1978495	8320	32256	29856	0	101089	35120
84.92	23341ca4e4830bee	62976	1978687	8320	32288	29856	0	101085	35168
84.92	23341ca4e4830bee	62976	1978878	8320	32288	29808	0	101087	35168
84.92	23341ca4e4830bee	62976	1979076	8320	32288	29808	0	101091	35168
84.92	23341ca4e4830bee	62976	1979267	8320	32288	29808	0	101083	35168
84.92	23341ca4e4830bee	62976	1979496	8320	32288	29792	0	101087	35232
84.74	23341ca4e4830bee	62976	1979687	8320	32288	29792	0	101081	35232
84.92	23341ca4e4830bee	62976	1979878	8320	32288	29792	0	101089	35232
84.92	23341ca4e4830bee	62976	1980070	8192	32288	29792	0	101093	35232
84.74	23341ca4e4830bee	62976	1980251	8192	32240	29856	0	101081	35152
84.74	23341ca4e4830bee	62976	1980442	8192	32240	29856	0	101081	35152
84.92	23341ca4e4830bee	62976	1980633	8192	32240	29856	0	101075	35152
84.74	23341ca4e4830bee	62976	1980824	8192	32240	29856	0	101071	35184
84.92	23341ca4e4830bee	62976	1981015	8192	32272	29856	0	101081	35184
84.74	23341ca4e4830bee	62976	1981206	8192	32272	29856	0	101071	35184
84.92	23341ca4e4830bee	62976	1981398	8192	32272	29856	0	101089	35184
84.92	23341ca4e4830bee	62976	1981589	8320	32272	29840	0	101085	35072
84.92	23341ca4e4830bee	62976	1981780	8320	32272	29840	0	101077	35072
84.74	23341ca4e4830bee	62976	1981971	8320	32272	29840	0	101069	35072
84.92	23341ca4e4830bee	62976	1982162	8320	32272	29840	0	101087	35072
84.74	23341ca4e4830bee	62976	1982354	8320	32288	29824	0	101077	35072
84.92	23341ca4e4830bee	62976	1982549	8320	32288	29824	0	101089	35072
84.74	23341ca4e4830bee	62976	1982731	8320	32288	29824	0	101075	35072
84.74	23341ca4e4830bee	62976	1982922	8320	32288	29824	0	101083	35072
84.74	23341ca4e4830bee	62976	1983113	8320	32272	29824	0	101081	35104
84.74	23341ca4e4830bee	62976	1983354	8320	32272	29824	0	101081	35104
84.74	23341ca4e4830bee	62976	1983545	8320	32272	29824	0	101077	35104
84.74	23341ca4e4830bee	62976	1983736	8192	32272	29824	0	101081	35088
84.74	23341ca4e4830bee	62976	1983927	8192	32272	29856	0	101077	35088
84.74	23341ca4e4830bee	62976	1984118	8192	32272	29856	0	101071	35088
84.74	23341ca4e4830bee	62976	1984309	8192	32272	29856	0	101083	35088
84.74	23341ca4e4830bee	62976	1984501	8320	32288	29808	0	101065	35104
84.74	23341ca4e4830bee	62976	1984692	8320	32288	29808	0	101077	35104
84.74	23341ca4e4830bee	62976	1984883	8320	32288	29808	0	101081	35104
84.74	23341ca4e4830bee	62976	1985074	8320	32288	29808	0	101077	35104
84.74	23341ca4e4830bee	62976	1985265	8192	32256	29872	0	101075	35184
84.92	23341ca4e4830bee	62976	1985456	8192	32256	29872	0	101083	35184
84.74	23341ca4e4830bee	62976	1985648	8192	32256	29872	0	101071	35184
84.74	23341ca4e4830bee	62976	1985839	8320	32256	29872	0	101071	35184
84.74	23341ca4e4830bee	62976	1986030	8320	32224	29840	0	101083	35184
84.92	23341ca4e4830bee	62976	1986211	8320	32224	29840	0	101083	35184
84.74	23341ca4e4830bee	62976	1986402	8320	32224	29840	0	101075	35184
84.74	23341ca4e4830bee	62976	1986593	8192	32224	29840	0	101075	35104
84.74	23341ca4e4830bee	62976	1986785	8192	32272	29808	0	101077	35104
84.74	23341ca4e4830bee	62976	1986976	8192	32272	29808	0	101075	35104
84.74	23341ca4e4830bee	62976	1987215	8192	32272	29808	0	101081	35104
84.92	23341ca4e4830bee	62976	1987406	8320	32256	29824	0	101077	35104
84.92	23341ca4e4830bee	62976	1987597	8320	32256	29824	0	101085	35104
84.92	23341ca4e4830bee	62976	1987788	8320	32256	29824	0	101077	35104
84.92	23341ca4e4830bee	62976	1987979	8320	32256	29824	0	101083	35104
84.92	23341ca4e4830bee	62976	1988170	8320	32256	29824	0	101081	35104
84.74	23341ca4e4830bee	62976	1988352	8320	32256	29824	0	101065	35104
84.74	23341ca4e4830bee	62976	1988543	8320	32256	29824	0	101075	35104
84.92	23341ca4e4830bee	62976	1988734	8320	32256	29824	0	101077	35104
84.74	23341ca4e4830bee	62976	1988925	8320	32256	29856	0	101081	35184
84.74	23341ca4e4830bee	62976	1989116	8320	32256	29856	0	101077	35184
84.92	23341ca4e4830bee	62976	1989307	8320	32256	29856	0	101077	35184
84.74	23341ca4e4830bee	62976	1989498	8320	32256	29856	0	101081	35104
84.74	23341ca4e4830bee	62976	1989689	8320	32256	29840	0	101081	35104
84.92	23341ca4e4830bee	62976	1989881	8320	32256	29840	0	101081	35104
84.92	23341ca4e4830bee	62976	1990062	8320	32256	29840	0	101077	35104
84.92	23341ca4e4830bee	62976	1990253	8320	32256	29840	0	101083	35184
84.92	23341ca4e4830bee	62976	1990444	8320	32256	29840	0	101081	35184
84.92	23341ca4e4830bee	62976	1990635	8320	32256	29840	0	101083	35184
84.92	23341ca4e4830bee	62976	1990827	8320	32256	29840	0	101077	35184
84.74	23341ca4e4830bee	62976	1991065	8320	32240	29840	0	101081	35168
84.74	23341ca4e4830bee	62976	1991256	8320	32240	29840	0	101077	35168
84.92	23341ca4e4830bee	62976	1991448	8320	32240	29840	0	101083	35168
84.74	23341ca4e4830bee	62976	1991639	8320	32240	29840	0	101077	35168
84.92	23341ca4e4830bee	62976	1991830	8320	32256	29840	0	101073	35184
84.74	23341ca4e4830bee	62976	1992021	8320	32256	29840	0	101077	35184
84.92	23341ca4e4830bee	62976	1992202	8320	32256	29840	0	101083	35184
84.92	23341ca4e4830bee	62976	1992394	8320	32256	29840	0	101077	35152
84.74	23341ca4e4830bee	62976	1992591	8320	32272	29840	0	101077	35152
84.92	23341ca4e4830bee	62976	1992772	8320	32272	29840	0	101077	35152
84.74	23341ca4e4830bee	62976	1992963	8320	32272	29840	0	101075	35152
84.92	23341ca4e4830bee	62976	1993154	8320	32272	29840	0	101083	35184
84.74	23341ca4e4830bee	62976	1993356	8320	32272	29840	0	101085	35184
84.74	23341ca4e4830bee	62976	1993547	8320	32272	29840	0	101071	35184
84.74	23341ca4e4830bee	62976	1993739	8320	32272	29840	0	101075	35184
84.74	23341ca4e4830bee	62976	1993930	8192	32288	29840	0	101077	35120
84.74	23341ca4e4830bee	62976	1994121	8192	32288	29840	0	101081	35120
84.74	23341ca4e4830bee	62976	1994302	8192	32288	29840	0	101081	35120
84.74	23341ca4e4830bee	62976	1994493	8320	32288	29840	0	101075	35120
84.74	23341ca4e4830bee	62976	1994685	8320	32208	29856	0	101077	35136
84.74	23341ca4e4830bee	62976	1994928	8320	32208	29856	0	101085	35136
84.74	23341ca4e4830bee	62976	1995119	8320	32208	29856	0	101083	35136
84.74	23341ca4e4830bee	62976	1995310	8192	32272	29856	0	101079	35184
84.74	23341ca4e4830bee	62976	1995501	8192	32272	29856	0	101083	35184
84.74	23341ca4e4830bee	62976	1995683	8192	32272	29856	0	101083	35184
84.74	23341ca4e4830bee	62976	1995874	8192	32272	29856	0	101073	35184
84.74	23341ca4e4830bee	62976	1996065	8320	32240	29824	0	101079	35168
84.74	23341ca4e4830bee	62976	1996256	8320	32240	29824	0	101079	35168
84.74	23341ca4e4830bee	62976	1996447	8320	32240	29824	0	101073	35168
84.74	23341ca4e4830bee	62976	1996638	8320	32240	29824	0	101079	35168
84.74	23341ca4e4830bee	62976	1996829	8320	32272	29856	0	101079	35120
84.74	23341ca4e4830bee	62976	1997020	8320	32272	29856	0	101077	35120
84.74	23341ca4e4830bee	62976	1997211	8320	32272	29856	0	101081	35120
84.74	23341ca4e4830bee	62976	1997393	8192	32272	29856	0	101081	35120
84.74	23341ca4e4830bee	62976	1997584	8192	32240	29856	0	101083	35152
84.74	23341ca4e4830bee	62976	1997775	8192	32240	29856	0	101085	35152
84.74	23341ca4e4830bee	62976	1997966	8192	32240	29856	0	101089	35152
84.74	23341ca4e4830bee	62976	1998157	8320	32240	29856	0	101073	35120
84.74	23341ca4e4830bee	62976	1998358	8320	32256	29840	0	101081	35120
84.74	23341ca4e4830bee	62976	1998549	8320	32256	29840	0	101079	35120
84.74	23341ca4e4830bee	62976	1998768	8320	32256	29840	0	101077	35120
84.74	23341ca4e4830bee	62976	1998959	8320	32288	29840	0	101079	35168
84.74	23341ca4e4830bee	62976	1999151	8320	32288	29840	0	101091	35168
84.74	23341ca4e4830bee	62976	1999348	8320	32288	29840	0	101085	35168
84.74	23341ca4e4830bee	62976	1999539	8320	32288	29840	0	101087	35168
84.74	23341ca4e4830bee	62976	1999730	8192	32320	29808	0	101083	35184
84.74	23341ca4e4830bee	62976	1999921	8192	32320	29808	0	101083	35184
84.74	23341ca4e4830bee	62976	2000112	8192	32320	29808	0	101081	35184
84.74	23341ca4e4830bee	62976	2000293	8320	32320	29808	0	101079	35184
84.74	23341ca4e4830bee	62976	2000484	8320	32272	29840	0	101081	35136
84.74	23341ca4e4830bee	62976	2000675	8320	32272	29840	0	101085	35136
84.74	23341ca4e4830bee	62976	2000866	8320	32272	29840	0	101075	35136
84.74	23341ca4e4830bee	63008	2001058	8320	32272	29840	1	101079	35168
84.74	23341ca4e4830bee	63008	2001249	8320	32256	29808	1	101075	35168
84.74	23341ca4e4830bee	63008	2001440	8320	32256	29808	1	101077	35168
84.74	23341ca4e4830bee	63008	2001631	8320	32256	29808	1	101075	35168
84.74	23341ca4e4830bee	63104	2001822	8320	32288	29840	1	101083	35136
84.74	23341ca4e4830bee	63104	2002014	8320	32288	29840	1	101085	35136
84.74	23341ca4e4830bee	63104	2002205	8320	32288	29840	1	101081	35136
84.74	23341ca4e4830bee	63104	2002397	8320	32288	29840	0	101081	35136
84.74	23341ca4e4830bee	64032	2002636	8320	32272	29808	1	101087	35152
84.74	23341ca4e4830bee	64032	2002827	8320	32272	29808	1	101085	35152
84.74	23341ca4e4830bee	64032	2003018	8320	32272	29808	1	101079	35152
84.74	23341ca4e4830bee	63504	2003210	8192	32272	29808	1	101081	35168
84.74	23341ca4e4830bee	63504	2003401	8192	32256	29808	1	101085	35168
84.74	23341ca4e4830bee	63504	2003592	8192	32256	29808	1	101073	35168
84.74	23341ca4e4830bee	63504	2003773	8192	32256	29808	1	101075	35168
84.74	23341ca4e4830bee	63568	2003965	8320	32304	29808	1	101079	35168
84.74	23341ca4e4830bee	63568	2004156	8320	32304	29792	1	101085	35168
84.74	23341ca4e4830bee	63568	2004347	8320	32304	29792	1	101085	35168
84.74	23341ca4e4830bee	63568	2004538	8320	32304	29792	1	101081	35168
84.74	23341ca4e4830bee	63424	2004729	8320	32272	29808	1	101083	35184
84.74	23341ca4e4830bee	63424	2004920	8320	32272	29808	1	101081	35184
84.74	23341ca4e4830bee	63424	2005111	8320	32272	29808	1	101087	35184
84.74	23341ca4e4830bee	63424	2005302	8320	32272	29808	1	101071	35184
84.74	23341ca4e4830bee	63744	2005484	8320	32256	29808	1	101081	35200
84.74	23341ca4e4830bee	63744	2005675	8320	32256	29808	1	101085	35200
84.74	23341ca4e4830bee	63744	2005866	8320	32256	29808	0	101081	35200
84.74	23341ca4e4830bee	63744	2006057	8320	32256	29808	1	101079	35200
84.74	23341ca4e4830bee	63728	2006249	8320	32272	29824	1	101071	35184
84.74	23341ca4e4830bee	63728	2006489	8320	32272	29824	1	101075	35184
84.74	23341ca4e4830bee	63728	2006680	8320	32272	29824	1	101065	35184
84.74	23341ca4e4830bee	62464	2006871	8320	32272	29840	0	101075	35168
84.74	23341ca4e4830bee	62464	2007062	8320	32272	29840	1	101085	35168
84.74	23341ca4e4830bee	62464	2007253	8320	32272	29840	1	101073	35168
84.74	23341ca4e4830bee	62464	2007444	8320	32272	29840	1	101087	35168
84.74	23341ca4e4830bee	62256	2007635	8320	32256	29824	1	101083	35184
84.74	23341ca4e4830bee	62256	2007826	8320	32256	29824	1	101073	35184
84.74	23341ca4e4830bee	62256	2008017	8320	32256	29824	1	101087	35184
84.74	23341ca4e4830bee	62256	2008209	8320	32256	29824	1	101087	35184
84.74	23341ca4e4830bee	62256	2008400	8320	32224	29824	1	101091	35184
84.74	23341ca4e4830bee	62256	2008592	8320	32224	29824	1	101081	35184
84.74	23341ca4e4830bee	62256	2008783	8320	32224	29824	1	101081	35184
84.74	23341ca4e4830bee	62256	2008964	8320	32224	29824	1	101073	35184
84.74	23341ca4e4830bee	62240	2009155	8320	32240	29856	0	101075	35136
84.74	23341ca4e4830bee	62240	2009346	8320	32240	29856	1	101075	35136
84.74	23341ca4e4830bee	62240	2009538	8320	32240	29856	1	101079	35136
84.74	23341ca4e4830bee	62256	2009729	8320	32240	29856	1	101079	35152
84.74	23341ca4e4830bee	62256	2009920	8320	32256	29856	1	101087	35152
84.74	23341ca4e4830bee	62256	2010111	8320	32256	29856	1	101087	35152
84.74	23341ca4e4830bee	62256	2010341	8320	32256	29856	0	101085	35152
84.74	23341ca4e4830bee	62240	2010532	8320	32272	29792	0	101075	35136
84.74	23341ca4e4830bee	62240	2010724	8320	32272	29792	1	101083	35136
84.74	23341ca4e4830bee	62240	2010915	8320	32272	29792	1	101079	35136
84.74	23341ca4e4830bee	62240	2011106	8320	32272	29792	1	101073	35136
84.74	23341ca4e4830bee	62240	2011297	8320	32288	29840	1	101077	35136
84.74	23341ca4e4830bee	62240	2011488	8320	32288	29840	1	101079	35136
84.74	23341ca4e4830bee	62240	2011679	8320	32288	29840	0	101081	35136
84.74	23341ca4e4830bee	62240	2011870	8320	32288	29840	1	101069	35184
84.74	23341ca4e4830bee	62256	2012061	8320	32256	29856	1	101091	35184
84.74	23341ca4e4830bee	62256	2012252	8320	32256	29856	1	101083	35184
84.74	23341ca4e4830bee	62256	2012443	8320	32256	29856	1	101079	35184
84.74	23341ca4e4830bee	62256	2012639	8320	32288	29840	1	101085	35152
84.74	23341ca4e4830bee	62256	2012831	8320	32288	29840	0	101081	35152
84.74	23341ca4e4830bee	62256	2013022	8320	32288	29840	0	101079	35152
84.74	23341ca4e4830bee	62256	2013213	8320	32288	29840	1	101075	35152
84.74	23341ca4e4830bee	62352	2013394	8192	32272	29824	0	101079	35136
84.74	23341ca4e4830bee	62352	2013585	8192	32272	29824	1	101081	35136
84.74	23341ca4e4830bee	62352	2013777	8192	32272	29824	1	101079	35136
84.74	23341ca4e4830bee	62352	2013968	8192	32272	29824	1	101089	35136
84.74	23341ca4e4830bee	62976	2014212	8320	32288	29840	1	101081	35168
84.74	23341ca4e4830bee	62976	2014404	8320	32288	29840	1	101087	35168
84.74	23341ca4e4830bee	62976	2014595	8320	32288	29840	1	101085	35168
84.74	23341ca4e4830bee	63360	2014786	8320	32288	29840	1	101075	35152
84.74	23341ca4e4830bee	63360	2014977	8320	32272	29776	1	101085	35152
84.74	23341ca4e4830bee	63360	2015168	8320	32272	29776	1	101079	35152
84.74	23341ca4e4830bee	63360	2015360	8320	32272	29776	1	101089	35152
84.74	23341ca4e4830bee	63280	2015551	8320	32256	29840	1	101081	35152
84.74	23341ca4e4830bee	63280	2015742	8320	32256	29840	1	101075	35152
84.74	23341ca4e4830bee	63280	2015933	8320	32256	29840	1	101079	35152
84.74	23341ca4e4830bee	63280	2016124	8320	32256	29840	1	101081	35152
84.74	23341ca4e4830bee	63312	2016315	8320	32288	29824	1	101073	35152
84.74	23341ca4e4830bee	63312	2016506	8320	32288	29824	1	101079	35152
84.74	23341ca4e4830bee	63312	2016697	8320	32288	29824	1	101089	35152
84.74	23341ca4e4830bee	63312	2016889	8320	32288	29824	1	101079	35152
84.74	23341ca4e4830bee	63328	2017080	8320	32240	29840	1	101085	35136
84.74	23341ca4e4830bee	63328	2017271	8320	32240	29840	1	101075	35136
84.74	23341ca4e4830bee	63328	2017462	8320	32240	29840	1	101081	35136
84.74	23341ca4e4830bee	63328	2017654	8192	32240	29840	1	101083	35152
84.74	23341ca4e4830bee	63360	2017835	8192	32272	29856	1	101083	35152
84.74	23341ca4e4830bee	63360	2018080	8192	32272	29856	1	101085	35152
84.74	23341ca4e4830bee	63360	2018271	8192	32272	29856	1	101079	35152
84.74	23341ca4e4830bee	64224	2018462	8192	32256	29840	1	101077	35168
84.74	23341ca4e4830bee	64224	2018653	8192	32256	29840	1	101087	35168
84.74	23341ca4e4830bee	64224	2018844	8192	32256	29840	1	101083	35168
84.74	23341ca4e4830bee	64224	2019035	8192	32256	29840	1	101077	35168
84.74	23341ca4e4830bee	64240	2019226	8192	32272	29856	1	101081	35152
84.74	23341ca4e4830bee	64240	2019417	8192	32272	29856	1	101081	35152
84.74	23341ca4e4830bee	64240	2019609	8192	32272	29856	1	101077	35152
84.56	23341ca4e4830bee	64240	2019800	8320	32272	29856	1	101073	35152
84.74	23341ca4e4830bee	63392	2019991	8320	32288	29808	1	101077	35120
84.74	23341ca4e4830bee	63392	2020182	8320	32288	29808	1	101069	35120
84.74	23341ca4e4830bee	63392	2020373	8320	32288	29808	1	101083	35120
84.74	23341ca4e4830bee	63168	2020564	8320	32288	29808	0	101091	35168
84.74	23341ca4e4830bee	63168	2020755	8320	32256	29840	0	101087	35168
84.56	23341ca4e4830bee	63168	2020947	8320	32256	29840	1	101079	35168
84.56	23341ca4e4830bee	63168	2021138	8320	32256	29840	1	101073	35168
84.74	23341ca4e4830bee	63632	2021329	8320	32256	29808	1	101087	35088
84.74	23341ca4e4830bee	63632	2021520	8320	32256	29808	1	101085	35088
84.56	23341ca4e4830bee	63632	2021712	8320	32256	29808	1	101077	35088
84.56	23341ca4e4830bee	63632	2021941	8320	32256	29808	1	101079	35088
84.56	23341ca4e4830bee	64064	2022132	8192	32256	29824	1	101077	35152
84.56	23341ca4e4830bee	64064	2022323	8192	32256	29824	1	101069	35152
84.56	23341ca4e4830bee	64064	2022514	8192	32256	29824	1	101075	35152
84.56	23341ca4e4830bee	64064	2022695	8320	32256	29824	1	101075	35152
84.56	23341ca4e4830bee	64160	2022886	8320	32272	29856	1	101075	35152
84.56	23341ca4e4830bee	64160	2023077	8320	32272	29856	1	101073	35152
84.56	23341ca4e4830bee	64160	2023269	8320	32272	29856	1	101079	35152
84.56	23341ca4e4830bee	64336	2023460	8192	32272	29856	1	101069	35168
84.56	23341ca4e4830bee	64336	2023651	8192	32272	29840	0	101073	35168
84.56	23341ca4e4830bee	64336	2023842	8192	32272	29840	0	101073	35168
84.56	23341ca4e4830bee	64336	2024033	8192	32272	29840	1	101079	35168
84.56	23341ca4e4830bee	64208	2024224	8192	32256	29808	1	101081	35184
84.56	23341ca4e4830bee	64208	2024406	8192	32256	29808	1	101079	35184
84.56	23341ca4e4830bee	64208	2024597	8192	32256	29808	1	101075	35184
84.56	23341ca4e4830bee	64208	2024789	8192	32256	29808	1	101073	35184
84.56	23341ca4e4830bee	63872	2024980	8320	32240	29840	1	101075	35184
84.56	23341ca4e4830bee	63872	2025171	8320	32240	29840	1	101069	35184
84.56	23341ca4e4830bee	63872	2025382	8320	32240	29840	1	101075	35184
84.56	23341ca4e4830bee	63872	2025573	8320	32240	29840	1	101079	35184
84.56	23341ca4e4830bee	63824	2025805	8320	32272	29824	1	101071	35152
84.56	23341ca4e4830bee	63824	2025986	8320	32272	29824	1	101075	35152
84.56	23341ca4e4830bee	63824	2026177	8320	32272	29824	1	101073	35152
84.56	23341ca4e4830bee	63824	2026376	8192	32288	29840	0	101071	35152
84.56	23341ca4e4830bee	63824	2026567	8192	32288	29840	0	101075	35152
84.56	23341ca4e4830bee	63824	2026758	8192	32288	29840	0	101079	35152
84.56	23341ca4e4830bee	63824	2026949	8192	32288	29840	0	101081	35152
84.56	23341ca4e4830bee	63920	2027140	8320	32272	29792	1	101073	35152
84.56	23341ca4e4830bee	63920	2027331	8320	32272	29792	1	101081	35152
84.56	23341ca4e4830bee	63920	2027522	8320	32272	29792	1	101073	35152
84.56	23341ca4e4830bee	63920	2027714	8320	32272	29792	1	101067	35152
84.56	23341ca4e4830bee	64000	2027905	8192	32288	29824	1	101089	35168
84.56	23341ca4e4830bee	64000	2028086	8192	32288	29824	1	101075	35168
84.56	23341ca4e4830bee	64000	2028277	8192	32288	29824	1	101081	35168
84.56	23341ca4e4830bee	64000	2028469	8192	32288	29824	1	101075	35168
84.56	23341ca4e4830bee	63552	2028660	8192	32272	29840	1	101075	35136
84.56	23341ca4e4830bee	63552	2028851	8192	32272	29840	1	101081	35136
84.56	23341ca4e4830bee	63552	2029042	8192	32272	29840	1	101075	35136
84.56	23341ca4e4830bee	63120	2029233	8320	32272	29840	1	101073	35184
84.56	23341ca4e4830bee	63120	2029425	8320	32256	29856	1	101075	35184
84.56	23341ca4e4830bee	63120	2029656	8320	32256	29856	1	101073	35184
84.56	23341ca4e4830bee	63120	2029847	8320	32256	29856	0	101085	35184
84.56	23341ca4e4830bee	63008	2030038	8320	32288	29808	1	101075	35136
84.56	23341ca4e4830bee	63008	2030229	8320	32288	29808	1	101073	35136
84.56	23341ca4e4830bee	63008	2030420	8320	32288	29808	1	101073	35136
84.56	23341ca4e4830bee	63008	2030612	8320	32288	29808	1	101079	35136
84.56	23341ca4e4830bee	62992	2030803	8192	32272	29808	1	101079	35104
84.56	23341ca4e4830bee	62992	2030994	8192	32272	29808	1	101093	35104
84.56	23341ca4e4830bee	62992	2031185	8192	32272	29808	1	101087	35104
84.56	23341ca4e4830bee	62992	2031377	8192	32272	29808	1	101087	35136
84.56	23341ca4e4830bee	62992	2031568	8192	32272	29840	1	101075	35136
84.56	23341ca4e4830bee	62992	2031759	8192	32272	29840	0	101081	35136
84.56	23341ca4e4830bee	62992	2031950	8192	32272	29840	0	101081	35136
84.56	23341ca4e4830bee	62992	2032141	8320	32256	29840	0	101075	35152
84.56	23341ca4e4830bee	62992	2032333	8320	32256	29824	0	101091	35152
84.56	23341ca4e4830bee	62992	2032524	8320	32256	29824	0	101081	35152
84.56	23341ca4e4830bee	62992	2032715	8320	32256	29824	0	101081	35152
84.56	23341ca4e4830bee	62992	2032896	8320	32288	29840	1	101071	35168
84.56	23341ca4e4830bee	62992	2033087	8320	32288	29840	1	101079	35168
84.56	23341ca4e4830bee	62992	2033279	8320	32288	29840	1	101081	35168
84.56	23341ca4e4830bee	62992	2033525	8320	32288	29840	1	101069	35168
84.56	23341ca4e4830bee	62992	2033716	8320	32272	29808	1	101081	35200
84.56	23341ca4e4830bee	62992	2033897	8320	32272	29808	1	101079	35200
84.56	23341ca4e4830bee	62992	2034088	8320	32272	29808	1	101079	35200
84.56	23341ca4e4830bee	62992	2034279	8320	32272	29808	0	101075	35184
84.56	23341ca4e4830bee	62992	2034470	8320	32256	29824	0	101081	35184
84.56	23341ca4e4830bee	62992	2034661	8320	32256	29824	0	101075	35184
84.56	23341ca4e4830bee	62992	2034852	8320	32256	29824	0	101069	35184
84.56	23341ca4e4830bee	62992	2035043	8320	32256	29808	0	101075	35088
84.56	23341ca4e4830bee	62992	2035234	8320	32256	29808	0	101073	35088
84.56	23341ca4e4830bee	62992	2035425	8320	32256	29808	0	101073	35088
84.56	23341ca4e4830bee	62992	2035607	8320	32256	29808	0	101069	35088
84.56	23341ca4e4830bee	62992	2035798	8192	32304	29824	0	101077	35136
84.56	23341ca4e4830bee	62992	2035989	8192	32304	29824	0	101079	35136
84.56	23341ca4e4830bee	62992	2036180	8192	32304	29824	0	101081	35136
84.56	23341ca4e4830bee	62992	2036371	8192	32304	29824	0	101069	35136
84.56	23341ca4e4830bee	62976	2036562	8320	32256	29824	0	101073	35136
84.56	23341ca4e4830bee	62976	2036754	8320	32256	29824	0	101075	35136
84.56	23341ca4e4830bee	62976	2036945	8320	32256	29824	0	101075	35136
84.56	23341ca4e4830bee	62976	2037136	8320	32256	29824	0	101075	35136
84.56	23341ca4e4830bee	62992	2037365	8320	32256	29840	0	101081	35104
84.56	23341ca4e4830bee	62992	2037557	8320	32256	29840	0	101075	35104
84.56	23341ca4e4830bee	62992	2037738	8320	32256	29840	0	101075	35104
84.56	23341ca4e4830bee	62976	2037929	8192	32288	29824	0	101073	35136
84.56	23341ca4e4830bee	62976	2038120	8192	32288	29824	0	101075	35136
84.56	23341ca4e4830bee	62976	2038311	8192	32288	29824	0	101081	35136
84.56	23341ca4e4830bee	62976	2038502	8192	32288	29824	0	101075	35136
84.56	23341ca4e4830bee	62976	2038693	8320	32240	29808	0	101085	35184
84.56	23341ca4e4830bee	62976	2038884	8320	32240	29808	0	101081	35184
84.56	23341ca4e4830bee	62976	2039075	8320	32240	29808	0	101077	35184
84.56	23341ca4e4830bee	62976	2039266	8320	32240	29808	0	101081	35184
84.56	23341ca4e4830bee	62992	2039447	8320	32272	29808	0	101071	35120
84.56	23341ca4e4830bee	62992	2039639	8320	32272	29808	0	101077	35120
84.56	23341ca4e4830bee	62992	2039830	8320	32272	29808	0	101087	35120
84.56	23341ca4e4830bee	62992	2040021	8320	32272	29808	0	101087	35120
84.56	23341ca4e4830bee	62992	2040212	8320	32288	29808	0	101075	35168
84.56	23341ca4e4830bee	62992	2040423	8320	32288	29808	0	101075	35168
84.56	23341ca4e4830bee	62992	2040614	8320	32288	29808	0	101069	35168
84.56	23341ca4e4830bee	62992	2040806	8320	32256	29808	0	101081	35168
84.56	23341ca4e4830bee	62992	2040997	8320	32256	29840	0	101077	35168
84.56	23341ca4e4830bee	62992	2041229	8320	32256	29840	0	101073	35168
84.56	23341ca4e4830bee	62992	2041420	8320	32256	29840	0	101075	35168
84.56	23341ca4e4830bee	62976	2041611	8192	32304	29824	0	101075	35088
84.56	23341ca4e4830bee	62976	2041802	8192	32304	29824	0	101081	35088
84.56	23341ca4e4830bee	62976	2041993	8192	32304	29824	0	101081	35088
84.56	23341ca4e4830bee	62976	2042185	8192	32304	29824	0	101075	35088
84.56	23341ca4e4830bee	62992	2042376	8192	32288	29824	0	101075	35216
84.56	23341ca4e4830bee	62992	2042567	8192	32288	29824	0	101077	35216
84.56	23341ca4e4830bee	62992	2042752	8192	32288	29824	0	101083	35216
84.56	23341ca4e4830bee	62976	2042943	8320	32288	29824	0	101063	35136
84.56	23341ca4e4830bee	62976	2043134	8320	32272	29808	0	101081	35136
84.56	23341ca4e4830bee	62976	2043325	8320	32272	29808	0	101081	35136
84.56	23341ca4e4830bee	62976	2043516	8320	32272	29808	0	101085	35136
84.56	23341ca4e4830bee	62992	2043708	8320	32256	29808	0	101079	35136
84.56	23341ca4e4830bee	62992	2043899	8320	32256	29808	0	101073	35136
84.56	23341ca4e4830bee	62992	2044097	8320	32256	29808	0	101069	35136
84.56	23341ca4e4830bee	62992	2044278	8320	32256	29808	0	101073	35136
84.56	23341ca4e4830bee	62992	2044479	8320	32256	29808	0	101071	35152
84.56	23341ca4e4830bee	62992	2044670	8320	32256	29808	0	101081	35152
84.56	23341ca4e4830bee	62992	2044861	8320	32256	29808	0	101069	35152
84.56	23341ca4e4830bee	62992	2045101	8320	32256	29808	0	101081	35136
84.56	23341ca4e4830bee	62992	2045292	8320	32288	29840	0	101079	35136
84.56	23341ca4e4830bee	62992	2045483	8320	32288	29840	0	101067	35136
84.56	23341ca4e4830bee	62992	2045674	8320	32288	29840	0	101073	35136
84.56	23341ca4e4830bee	62976	2045865	8320	32272	29840	0	101073	35136
84.56	23341ca4e4830bee	62976	2046056	8320	32272	29840	0	101079	35136
84.56	23341ca4e4830bee	62976	2046247	8320	32272	29840	0	101079	35136
84.74	23341ca4e4830bee	62976	2046428	8320	32272	29840	0	101093	35136
84.56	23341ca4e4830bee	62992	2046619	8320	32272	29840	0	101073	35184
84.56	23341ca4e4830bee	62992	2046811	8320	32272	29840	0	101073	35184
84.56	23341ca4e4830bee	62992	2047002	8320	32272	29840	0	101077	35184
84.56	23341ca4e4830bee	62992	2047193	8320	32272	29840	0	101073	35184
84.56	23341ca4e4830bee	62992	2047384	8320	32272	29824	0	101077	35136
84.74	23341ca4e4830bee	62992	2047575	8320	32272	29824	0	101077	35136
84.56	23341ca4e4830bee	62992	2047766	8320	32272	29824	0	101073	35136
84.74	23341ca4e4830bee	62992	2047957	8192	32272	29824	0	101085	35136
84.74	23341ca4e4830bee	62976	2048139	8192	32288	29840	0	101087	35168
84.74	23341ca4e4830bee	62976	2048330	8192	32288	29840	0	101079	35168
84.74	23341ca4e4830bee	62976	2048521	8192	32288	29840	0	101085	35168
84.74	23341ca4e4830bee	62976	2048712	8192	32288	29840	0	101081	35136
84.56	23341ca4e4830bee	62992	2048952	8192	32240	29856	0	101073	35136
84.74	23341ca4e4830bee	62992	2049143	8192	32240	29856	0	101087	35136
84.74	23341ca4e4830bee	62992	2049334	8192	32240	29856	0	101073	35136
84.56	23341ca4e4830bee	62992	2049525	8192	32256	29824	0	101067	35136
84.74	23341ca4e4830bee	62992	2049716	8192	32256	29824	0	101081	35136
84.74	23341ca4e4830bee	62992	2049908	8192	32256	29824	0	101081	35136
84.56	23341ca4e4830bee	62992	2050089	8192	32256	29824	0	101071	35136
84.74	23341ca4e4830bee	62992	2050280	8320	32240	29840	0	101083	35168
84.74	23341ca4e4830bee	62992	2050471	8320	32240	29840	0	101081	35168
84.74	23341ca4e4830bee	62992	2050662	8320	32240	29840	0	101081	35168
84.74	23341ca4e4830bee	62992	2050854	8320	32240	29840	0	101077	35168
84.74	23341ca4e4830bee	62992	2051045	8320	32272	29824	0	101081	35136
84.74	23341ca4e4830bee	62992	2051236	8320	32272	29824	0	101081	35136
84.74	23341ca4e4830bee	62992	2051427	8320	32272	29824	0	101077	35136
84.74	23341ca4e4830bee	62992	2051618	8320	32272	29824	0	101081	35136
84.74	23341ca4e4830bee	62992	2051799	8320	32256	29872	0	101077	35136
84.74	23341ca4e4830bee	62992	2051991	8320	32256	29872	0	101079	35136
84.74	23341ca4e4830bee	62992	2052190	8320	32256	29872	0	101089	35136
84.74	23341ca4e4830bee	62992	2052381	8320	32288	29840	0	101079	35136
84.74	23341ca4e4830bee	62992	2052585	8320	32288	29840	0	101079	35136
84.74	23341ca4e4830bee	62992	2052813	8320	32288	29840	0	101087	35136
84.74	23341ca4e4830bee	62992	2053004	8320	32288	29840	0	101085	35136
84.74	23341ca4e4830bee	62976	2053195	8320	32256	29856	0	101077	35152
84.74	23341ca4e4830bee	62976	2053386	8320	32256	29856	0	101083	35152
84.74	23341ca4e4830bee	62976	2053577	8320	32256	29856	0	101079	35152
84.74	23341ca4e4830bee	62976	2053768	8320	32256	29856	0	101077	35168
84.74	23341ca4e4830bee	62992	2053950	8320	32272	29840	0	101077	35168
84.74	23341ca4e4830bee	62992	2054141	8320	32272	29840	0	101073	35168
84.74	23341ca4e4830bee	62992	2054332	8320	32272	29840	0	101079	35168
84.74	23341ca4e4830bee	62976	2054523	8320	32272	29840	0	101077	35184
84.74	23341ca4e4830bee	62976	2054714	8320	32320	29824	0	101077	35184
84.74	23341ca4e4830bee	62976	2054906	8320	32320	29824	0	101083	35184
84.74	23341ca4e4830bee	62976	2055097	8320	32320	29824	0	101085	35184
84.74	23341ca4e4830bee	62976	2055288	8320	32240	29840	0	101073	35168
84.74	23341ca4e4830bee	62976	2055469	8320	32240	29840	0	101075	35168
84.74	23341ca4e4830bee	62976	2055661	8320	32240	29840	0	101067	35168
84.74	23341ca4e4830bee	62976	2055852	8320	32240	29840	0	101083	35168
84.74	23341ca4e4830bee	62992	2056043	8320	32272	29808	0	101079	35104
84.74	23341ca4e4830bee	62992	2056234	8320	32272	29808	0	101075	35104
84.74	23341ca4e4830bee	62992	2056425	8320	32272	29808	0	101073	35104
84.74	23341ca4e4830bee	62992	2056660	8320	32272	29808	0	101077	35152
84.74	23341ca4e4830bee	62992	2056851	8320	32272	29808	0	101081	35152
84.74	23341ca4e4830bee	62992	2057042	8320	32272	29808	0	101071	35152
84.74	23341ca4e4830bee	62992	2057233	8320	32272	29808	0	101081	35152
84.74	23341ca4e4830bee	62992	2057424	8320	32272	29808	0	101081	35168
84.74	23341ca4e4830bee	62992	2057615	8320	32272	29824	0	101075	35168
84.74	23341ca4e4830bee	62992	2057806	8320	32272	29824	0	101077	35168
84.74	23341ca4e4830bee	62992	2057997	8320	32272	29824	0	101091	35168
84.74	23341ca4e4830bee	62992	2058189	8320	32256	29856	0	101075	35168
84.74	23341ca4e4830bee	62992	2058370	8320	32256	29856	0	101075	35168
84.74	23341ca4e4830bee	62992	2058561	8320	32256	29856	0	101069	35168
84.74	23341ca4e4830bee	62992	2058768	8320	32256	29856	0	101077	35168
84.74	23341ca4e4830bee	62992	2058950	8320	32288	29792	0	101077	35104
84.74	23341ca4e4830bee	62992	2059141	8320	32288	29792	0	101085	35104
84.74	23341ca4e4830bee	62992	2059332	8320	32288	29792	0	101075	35104
84.74	23341ca4e4830bee	62992	2059523	8320	32288	29792	0	101077	35104
84.74	23341ca4e4830bee	62992	2059714	8320	32240	29840	0	101071	35152
84.74	23341ca4e4830bee	62992	2059906	8320	32240	29840	0	101073	35152
84.74	23341ca4e4830bee	62992	2060097	8320	32240	29840	0	101079	35152
84.74	23341ca4e4830bee	62992	2060288	8320	32240	29840	0	101075	35120
84.74	23341ca4e4830bee	62992	2060519	8320	32288	29824	0	101081	35120
84.74	23341ca4e4830bee	62992	2060700	8320	32288	29824	0	101079	35120
84.74	23341ca4e4830bee	62992	2060891	8320	32288	29824	0	101077	35120
84.74	23341ca4e4830bee	62992	2061082	8320	32288	29840	0	101077	35136
84.74	23341ca4e4830bee	62992	2061273	8320	32288	29840	0	101083	35136
84.74	23341ca4e4830bee	62992	2061464	8320	32288	29840	0	101083	35136
84.74	23341ca4e4830bee	62992	2061656	8320	32288	29840	0	101077	35136
84.74	23341ca4e4830bee	62992	2061847	8192	32272	29856	0	101077	35184
84.74	23341ca4e4830bee	62992	2062038	8192	32272	29856	0	101079	35184
84.74	23341ca4e4830bee	62992	2062229	8192	32272	29856	0	101077	35184
84.74	23341ca4e4830bee	62992	2062413	8320	32272	29856	0	101075	35184
84.74	23341ca4e4830bee	62992	2062604	8320	32272	29824	0	101079	35152
84.74	23341ca4e4830bee	62992	2062795	8320	32272	29824	0	101083	35152
84.74	23341ca4e4830bee	62992	2062987	8320	32272	29824	0	101077	35152
84.74	23341ca4e4830bee	62992	2063178	8320	32272	29824	0	101083	35152
84.74	23341ca4e4830bee	62992	2063369	8320	32256	29856	0	101079	35152
84.74	23341ca4e4830bee	62992	2063550	8320	32256	29856	0	101079	35152
84.74	23341ca4e4830bee	62992	2063741	8320	32256	29856	0	101085	35152
84.74	23341ca4e4830bee	62992	2063933	8320	32304	29808	0	101079	35152
84.74	23341ca4e4830bee	62992	2064124	8320	32304	29808	0	101085	35152
84.74	23341ca4e4830bee	62992	2064365	8320	32304	29808	0	101079	35152
84.74	23341ca4e4830bee	62992	2064556	8320	32304	29808	0	101079	35152
84.74	23341ca4e4830bee	62992	2064747	8320	32272	29840	0	101083	35152
84.74	23341ca4e4830bee	62992	2064938	8320	32272	29840	0	101083	35152
84.74	23341ca4e4830bee	62992	2065129	8320	32272	29840	0	101067	35152
84.74	23341ca4e4830bee	62992	2065320	8320	32272	29840	0	101085	35152
84.74	23341ca4e4830bee	62992	2065501	8320	32256	29824	0	101079	35184
84.74	23341ca4e4830bee	62992	2065692	8320	32256	29824	0	101083	35184
84.74	23341ca4e4830bee	62992	2065883	8320	32256	29824	0	101073	35184
84.74	23341ca4e4830bee	62992	2066074	8320	32256	29824	0	101079	35200
84.74	23341ca4e4830bee	62992	2066265	8320	32272	29840	0	101077	35200
84.74	23341ca4e4830bee	62992	2066457	8320	32272	29840	0	101083	35200
84.74	23341ca4e4830bee	62992	2066648	8320	32272	29840	0	101077	35200
84.74	23341ca4e4830bee	62992	2066839	8192	32288	29840	0	101081	35152
84.74	23341ca4e4830bee	62992	2067030	8192	32288	29840	0	101077	35152
84.74	23341ca4e4830bee	62992	2067221	8192	32288	29840	0	101085	35152
84.74	23341ca4e4830bee	62992	2067412	8192	32288	29840	0	101073	35152
84.74	23341ca4e4830bee	62992	2067604	8320	32256	29840	0	101085	35152
84.74	23341ca4e4830bee	62992	2067795	8320	32256	29840	0	101075	35152
84.74	23341ca4e4830bee	62992	2067986	8320	32256	29840	0	101081	35152
84.74	23341ca4e4830bee	62992	2068224	8320	32256	29840	0	101079	35152
84.74	23341ca4e4830bee	62992	2068415	8320	32272	29808	0	101077	35152
84.74	23341ca4e4830bee	62992	2068607	8320	32272	29808	0	101073	35152
84.74	23341ca4e4830bee	62992	2068798	8320	32272	29808	0	101073	35152
84.74	23341ca4e4830bee	62992	2068989	8320	32272	29824	0	101083	35136
84.74	23341ca4e4830bee	62992	2069180	8320	32272	29824	0	101079	35136
84.74	23341ca4e4830bee	62992	2069369	8320	32272	29824	0	101073	35136
84.74	23341ca4e4830bee	62992	2069560	8320	32272	29824	0	101079	35136
84.74	23341ca4e4830bee	62992	2069741	8320	32240	29808	0	101071	35200
84.74	23341ca4e4830bee	62992	2069933	8320	32240	29808	0	101085	35200
84.74	23341ca4e4830bee	62992	2070124	8320	32240	29808	0	101077	35200
84.74	23341ca4e4830bee	62992	2070315	8320	32240	29808	0	101083	35200
84.74	23341ca4e4830bee	62992	2070518	8320	32288	29824	0	101083	35184
84.74	23341ca4e4830bee	62992	2070709	8320	32288	29824	0	101073	35184
84.74	23341ca4e4830bee	62992	2070900	8320	32288	29824	0	101077	35184
84.74	23341ca4e4830bee	62992	2071081	8320	32288	29824	0	101083	35184
84.74	23341ca4e4830bee	62992	2071272	8320	32240	29840	0	101079	35152
84.74	23341ca4e4830bee	62992	2071464	8320	32240	29840	0	101083	35152
84.74	23341ca4e4830bee	62992	2071655	8320	32240	29840	0	101079	35152
84.74	23341ca4e4830bee	62992	2071846	8192	32240	29840	0	101083	35168
84.74	23341ca4e4830bee	62992	2072086	8192	32240	29824	0	101083	35168
84.74	23341ca4e4830bee	62992	2072277	8192	32240	29824	0	101085	35168
84.74	23341ca4e4830bee	62992	2072468	8192	32240	29824	0	101077	35168
84.74	23341ca4e4830bee	62992	2072659	8320	32304	29840	0	101079	35184
84.74	23341ca4e4830bee	62992	2072857	8320	32304	29840	0	101083	35184
84.74	23341ca4e4830bee	62992	2073048	8320	32304	29840	0	101083	35184
84.74	23341ca4e4830bee	62992	2073240	8320	32304	29840	0	101075	35184
84.74	23341ca4e4830bee	62992	2073431	8320	32256	29840	0	101079	35136
84.74	23341ca4e4830bee	62992	2073612	8320	32256	29840	0	101071	35136
84.74	23341ca4e4830bee	62992	2073803	8320	32256	29840	0	101075	35136
84.74	23341ca4e4830bee	62992	2073994	8320	32256	29840	0	101073	35136
84.74	23341ca4e4830bee	62992	2074185	8320	32256	29824	0	101079	35120
84.74	23341ca4e4830bee	62992	2074376	8320	32256	29824	0	101077	35120
84.74	23341ca4e4830bee	62992	2074567	8320	32256	29824	0	101079	35120
84.74	23341ca4e4830bee	62992	2074759	8320	32240	29824	0	101085	35152
84.74	23341ca4e4830bee	62992	2074950	8320	32240	29840	0	101077	35152
84.74	23341ca4e4830bee	62992	2075141	8320	32240	29840	0	101081	35152
84.74	23341ca4e4830bee	62992	2075332	8320	32240	29840	0	101089	35152
84.74	23341ca4e4830bee	62992	2075523	8320	32272	29840	0	101095	35184
84.74	23341ca4e4830bee	62992	2075715	8320	32272	29840	0	101079	35184
84.74	23341ca4e4830bee	62992	2075956	8320	32272	29840	0	101089	35184
84.74	23341ca4e4830bee	62992	2076147	8320	32272	29840	0	101083	35184
84.74	23341ca4e4830bee	62992	2076338	8320	32272	29824	0	101077	35152
84.74	23341ca4e4830bee	62992	2076529	8320	32272	29824	0	101083	35152
84.74	23341ca4e4830bee	62992	2076721	8320	32272	29824	0	101083	35152
84.74	23341ca4e4830bee	62992	2076902	8320	32272	29824	0	101085	35152
84.74	23341ca4e4830bee	62992	2077093	8320	32272	29840	0	101079	35152
84.74	23341ca4e4830bee	62992	2077284	8320	32272	29840	0	101083	35152
84.74	23341ca4e4830bee	62992	2077475	8320	32272	29840	0	101077	35152
84.74	23341ca4e4830bee	62992	2077666	8320	32272	29840	0	101079	35152
84.74	23341ca4e4830bee	62992	2077857	8320	32272	29840	0	101083	35152
84.74	23341ca4e4830bee	62992	2078048	8320	32272	29840	0	101077	35152
84.74	23341ca4e4830bee	62992	2078239	8320	32272	29840	0	101079	35152
84.74	23341ca4e4830bee	62992	2078431	8192	32288	29856	0	101083	35136
84.74	23341ca4e4830bee	62992	2078612	8192	32288	29856	0	101077	35136
84.74	23341ca4e4830bee	62992	2078803	8192	32288	29856	0	101077	35136
84.74	23341ca4e4830bee	62992	2078994	8192	32288	29856	0	101075	35136
84.74	23341ca4e4830bee	62992	2079185	8320	32272	29824	0	101087	35152
84.74	23341ca4e4830bee	62992	2079381	8320	32272	29824	0	101079	35152
84.74	23341ca4e4830bee	62992	2079562	8320	32272	29824	0	101073	35152
84.74	23341ca4e4830bee	62992	2079802	8320	32272	29824	0	101079	35200
84.74	23341ca4e4830bee	62992	2079993	8320	32240	29840	0	101079	35200
84.74	23341ca4e4830bee	62992	2080184	8320	32240	29840	0	101079	35200
84.74	23341ca4e4830bee	62992	2080375	8320	32240	29840	0	101079	35200
84.74	23341ca4e4830bee	62992	2080566	8320	32256	29872	0	101083	35168
84.74	23341ca4e4830bee	62992	2080757	8320	32256	29872	0	101081	35168
84.74	23341ca4e4830bee	62992	2080948	8320	32256	29872	0	101067	35168
84.74	23341ca4e4830bee	62992	2081139	8320	32256	29872	0	101081	35168
84.74	23341ca4e4830bee	62992	2081330	8320	32272	29840	0	101079	35184
84.74	23341ca4e4830bee	62992	2081522	8320	32272	29840	0	101081	35184
84.74	23341ca4e4830bee	62992	2081703	8320	32272	29840	0	101091	35184
84.74	23341ca4e4830bee	62992	2081894	8320	32272	29840	0	101075	35184
84.74	23341ca4e4830bee	62992	2082085	8320	32288	29840	0	101087	35168
84.74	23341ca4e4830bee	62992	2082276	8320	32288	29840	0	101069	35168
84.74	23341ca4e4830bee	62992	2082467	8320	32288	29840	0	101075	35168
84.74	23341ca4e4830bee	62992	2082659	8320	32288	29840	0	101081	35168
84.74	23341ca4e4830bee	62992	2082850	8320	32240	29824	0	101075	35120
84.74	23341ca4e4830bee	62992	2083041	8320	32240	29824	0	101075	35120
84.74	23341ca4e4830bee	62992	2083222	8320	32240	29824	0	101079	35120
84.74	23341ca4e4830bee	62992	2083414	8320	32240	29824	0	101075	35136
84.74	23341ca4e4830bee	62992	2083646	8320	32272	29840	0	101081	35136
84.74	23341ca4e4830bee	62992	2083837	8320	32272	29840	0	101077	35136
84.74	23341ca4e4830bee	62992	2084028	8320	32272	29840	0	101081	35136
84.74	23341ca4e4830bee	62992	2084219	8320	32272	29856	0	101087	35152
84.74	23341ca4e4830bee	62992	2084410	8320	32272	29856	0	101079	35152
84.74	23341ca4e4830bee	62992	2084602	8320	32272	29856	0	101079	35152
84.74	23341ca4e4830bee	62992	2084783	8320	32272	29856	0	101073	35152
84.74	23341ca4e4830bee	62992	2084974	8320	32304	29824	0	101075	35184
84.74	23341ca4e4830bee	62992	2085165	8320	32304	29824	0	101075	35184
84.74	23341ca4e4830bee	62992	2085376	8320	32304	29824	0	101075	35184
84.74	23341ca4e4830bee	62992	2085567	8320	32304	29824	0	101079	35168
84.74	23341ca4e4830bee	62992	2085758	8320	32256	29808	0	101075	35168
84.74	23341ca4e4830bee	62992	2085949	8320	32256	29808	0	101075	35168
84.74	23341ca4e4830bee	62992	2086140	8320	32256	29808	0	101073	35168
84.74	23341ca4e4830bee	62992	2086331	8320	32288	29824	0	101081	35136
84.74	23341ca4e4830bee	62992	2086523	8320	32288	29824	0	101073	35136
84.74	23341ca4e4830bee	62992	2086714	8320	32288	29824	0	101079	35136
84.74	23341ca4e4830bee	62992	2086911	8320	32288	29824	0	101083	35136
84.74	23341ca4e4830bee	62992	2087102	8320	32272	29824	0	101075	35136
84.74	23341ca4e4830bee	62992	2087283	8320	32272	29824	0	101069	35136
84.74	23341ca4e4830bee	62992	2087522	8320	32272	29824	0	101075	35136
84.74	23341ca4e4830bee	62992	2087713	8320	32272	29824	0	101081	35136
84.74	23341ca4e4830bee	62992	2087904	8320	32256	29808	0	101079	35168
84.74	23341ca4e4830bee	62992	2088105	8320	32256	29808	0	101083	35168
84.74	23341ca4e4830bee	62992	2088296	8320	32256	29808	0	101085	35168
84.74	23341ca4e4830bee	62992	2088487	8320	32304	29808	0	101075	35168
84.74	23341ca4e4830bee	62992	2088678	8320	32304	29824	0	101073	35168
84.74	23341ca4e4830bee	62992	2088869	8320	32304	29824	0	101093	35168
84.74	23341ca4e4830bee	62992	2089060	8320	32304	29824	0	101085	35168
84.74	23341ca4e4830bee	62992	2089251	8320	32256	29824	0	101067	35168
84.74	23341ca4e4830bee	62992	2089450	8320	32256	29824	0	101079	35168
84.74	23341ca4e4830bee	62992	2089641	8320	32256	29824	0	101079	35168
84.74	23341ca4e4830bee	62992	2089832	8320	32256	29824	0	101073	35168
84.74	23341ca4e4830bee	62992	2090013	8320	32288	29872	0	101075	35120
84.74	23341ca4e4830bee	62992	2090205	8320	32288	29872	0	101085	35120
84.74	23341ca4e4830bee	62992	2090396	8320	32288	29872	0	101079	35120
84.74	23341ca4e4830bee	62992	2090587	8320	32288	29872	0	101085	35120
84.74	23341ca4e4830bee	62992	2090778	8320	32256	29808	0	101087	35168
84.74	23341ca4e4830bee	62992	2090969	8320	32256	29808	0	101083	35168
84.74	23341ca4e4830bee	62992	2091161	8320	32256	29808	0	101085	35168
84.74	23341ca4e4830bee	62992	2091395	8320	32224	29808	0	101083	35168
84.74	23341ca4e4830bee	62992	2091586	8320	32224	29808	0	101083	35168
84.74	23341ca4e4830bee	62992	2091777	8320	32224	29808	0	101089	35168
84.74	23341ca4e4830bee	62992	2091969	8320	32224	29808	0	101073	35168
84.74	23341ca4e4830bee	62992	2092160	8320	32272	29840	0	101071	35152
84.74	23341ca4e4830bee	62992	2092351	8320	32272	29840	0	101073	35152
84.74	23341ca4e4830bee	62992	2092551	8320	32272	29840	0	101083	35152
84.74	23341ca4e4830bee	62992	2092742	8320	32272	29840	0	101077	35152
84.74	23341ca4e4830bee	62992	2092933	8320	32272	29872	0	101081	35152
84.74	23341ca4e4830bee	62992	2093114	8320	32272	29872	0	101083	35152
84.74	23341ca4e4830bee	62992	2093305	8320	32272	29872	0	101089	35152
84.74	23341ca4e4830bee	62992	2093496	8320	32272	29872	0	101077	35152
84.74	23341ca4e4830bee	63008	2093688	8320	32256	29840	0	101081	35152
84.74	23341ca4e4830bee	63008	2093879	8320	32256	29840	0	101071	35152
84.74	23341ca4e4830bee	63008	2094070	8320	32256	29840	0	101077	35152
84.74	23341ca4e4830bee	62992	2094261	8320	32256	29840	0	101081	35120
84.74	23341ca4e4830bee	62992	2094452	8320	32256	29824	0	101075	35120
84.74	23341ca4e4830bee	62992	2094643	8320	32256	29824	0	101073	35120
84.74	23341ca4e4830bee	62992	2094835	8320	32256	29824	1	101073	35120
84.74	23341ca4e4830bee	63104	2095026	8320	32256	29824	1	101083	35152
84.74	23341ca4e4830bee	63104	2095264	8320	32256	29824	1	101079	35152
84.74	23341ca4e4830bee	63104	2095455	8320	32256	29824	1	101079	35152
84.74	23341ca4e4830bee	63104	2095646	8320	32256	29824	1	101081	35152
84.74	23341ca4e4830bee	63712	2095837	8320	32288	29808	1	101071	35168
84.74	23341ca4e4830bee	63712	2096028	8320	32288	29808	1	101071	35168
84.74	23341ca4e4830bee	63712	2096219	8320	32288	29808	1	101077	35168
84.74	23341ca4e4830bee	63648	2096411	8320	32288	29808	1	101077	35152
84.74	23341ca4e4830bee	63648	2096602	8320	32272	29840	1	101077	35152
84.74	23341ca4e4830bee	63648	2096793	8320	32272	29840	1	101083	35152
84.74	23341ca4e4830bee	63648	2096974	8320	32272	29840	1	101077	35152
84.92	23341ca4e4830bee	64016	2097166	8320	32240	29824	1	101089	35184
84.74	23341ca4e4830bee	64016	2097357	8320	32240	29824	0	101071	35184
84.74	23341ca4e4830bee	64016	2097548	8320	32240	29824	1	101083	35184
84.74	23341ca4e4830bee	64016	2097739	8320	32240	29824	1	101085	35184
84.74	23341ca4e4830bee	64080	2097930	8320	32288	29808	1	101091	35120
84.74	23341ca4e4830bee	64080	2098122	8320	32288	29808	1	101089	35120
84.74	23341ca4e4830bee	64080	2098313	8320	32288	29808	1	101083	35120
84.74	23341ca4e4830bee	64080	2098504	8320	32288	29808	1	101083	35120
84.74	23341ca4e4830bee	63760	2098695	8320	32304	29840	1	101077	35120
84.74	23341ca4e4830bee	63760	2098886	8320	32304	29840	1	101083	35120
84.74	23341ca4e4830bee	63760	2099125	8320	32304	29840	0	101079	35120
84.74	23341ca4e4830bee	64240	2099316	8320	32304	29840	1	101083	35200
84.74	23341ca4e4830bee	64240	2099507	8320	32272	29824	1	101079	35200
84.74	23341ca4e4830bee	64240	2099698	8320	32272	29824	1	101083	35200
84.74	23341ca4e4830bee	64240	2099889	8320	32272	29824	1	101077	35200
84.74	23341ca4e4830bee	64192	2100080	8320	32272	29856	1	101085	35184
84.74	23341ca4e4830bee	64192	2100271	8320	32272	29856	1	101079	35184
84.74	23341ca4e4830bee	64192	2100462	8320	32272	29856	1	101075	35184
84.74	23341ca4e4830bee	64192	2100654	8320	32272	29856	1	101079	35184
84.74	23341ca4e4830bee	63936	2100835	8320	32256	29792	1	101073	35216
84.74	23341ca4e4830bee	63936	2101026	8320	32256	29792	1	101089	35216
84.74	23341ca4e4830bee	63936	2101217	8320	32256	29792	1	101081	35216
84.74	23341ca4e4830bee	63936	2101409	8320	32256	29792	1	101081	35216
84.74	23341ca4e4830bee	63712	2101600	8320	32272	29808	1	101075	35184
84.74	23341ca4e4830bee	63712	2101791	8320	32272	29808	1	101079	35184
84.74	23341ca4e4830bee	63712	2101982	8320	32272	29808	0	101081	35184
84.74	23341ca4e4830bee	63712	2102173	8320	32272	29808	1	101079	35136
84.74	23341ca4e4830bee	63552	2102355	8320	32256	29808	0	101079	35136
84.74	23341ca4e4830bee	63552	2102546	8320	32256	29808	0	101081	35136
84.74	23341ca4e4830bee	63552	2102737	8320	32256	29808	0	101075	35136
84.74	23341ca4e4830bee	63680	2102982	8320	32240	29808	1	101085	35184
84.74	23341ca4e4830bee	63680	2103173	8320	32240	29808	1	101083	35184
84.74	23341ca4e4830bee	63680	2103364	8320	32240	29808	1	101083	35184
84.74	23341ca4e4830bee	63680	2103545	8320	32240	29808	1	101077	35184
84.74	23341ca4e4830bee	62832	2103736	8320	32256	29824	1	101081	35088
84.74	23341ca4e4830bee	62832	2103927	8320	32256	29824	1	101081	35088
84.74	23341ca4e4830bee	62832	2104118	8320	32256	29824	1	101079	35088
84.74	23341ca4e4830bee	62832	2104309	8320	32256	29824	1	101075	35088
84.74	23341ca4e4830bee	62768	2104500	8320	32288	29824	1	101073	35152
84.74	23341ca4e4830bee	62768	2104692	8320	32288	29824	1	101077	35152
84.74	23341ca4e4830bee	62768	2104883	8320	32288	29824	1	101077	35152
84.74	23341ca4e4830bee	62784	2105074	8320	32288	29824	1	101077	35136
84.74	23341ca4e4830bee	62784	2105255	8320	32256	29840	1	101083	35136
84.74	23341ca4e4830bee	62784	2105446	8320	32256	29840	0	101073	35136
84.74	23341ca4e4830bee	62784	2105637	8320	32256	29840	1	101083	35136
84.74	23341ca4e4830bee	62768	2105828	8320	32304	29840	1	101073	35120
84.74	23341ca4e4830bee	62768	2106020	8320	32304	29824	0	101079	35120
84.74	23341ca4e4830bee	62768	2106211	8320	32304	29824	0	101081	35120
84.74	23341ca4e4830bee	62768	2106402	8320	32304	29824	1	101077	35120
84.74	23341ca4e4830bee	62752	2106593	8320	32272	29808	1	101083	35152
84.74	23341ca4e4830bee	62752	2106814	8320	32272	29808	0	101077	35152
84.74	23341ca4e4830bee	62752	2107005	8320	32272	29808	0	101077	35152
84.74	23341ca4e4830bee	62752	2107186	8320	32272	29808	0	101077	35152
84.74	23341ca4e4830bee	62736	2107377	8320	32304	29840	0	101077	35168
84.74	23341ca4e4830bee	62736	2107568	8320	32304	29840	1	101069	35168
84.74	23341ca4e4830bee	62736	2107759	8320	32304	29840	1	101077	35168
84.92	23341ca4e4830bee	62736	2107950	8320	32304	29840	1	101081	35120
84.74	23341ca4e4830bee	62752	2108141	8320	32288	29872	1	101075	35120
84.74	23341ca4e4830bee	62752	2108332	8320	32288	29872	1	101079	35120
84.92	23341ca4e4830bee	62752	2108523	8320	32288	29872	1	101081	35120
84.92	23341ca4e4830bee	62864	2108714	8448	32272	29872	1	101083	35120
84.74	23341ca4e4830bee	62864	2108896	8448	32272	29824	0	101081	35120
84.92	23341ca4e4830bee	62864	2109087	8448	32272	29824	1	101083	35120
84.74	23341ca4e4830bee	62864	2109278	8448	32272	29824	0	101087	35120
84.92	23341ca4e4830bee	62912	2109469	8320	32256	29840	0	101087	35168
84.74	23341ca4e4830bee	62912	2109661	8320	32256	29840	0	101081	35168
84.92	23341ca4e4830bee	62912	2109852	8320	32256	29840	0	101089	35168
84.92	23341ca4e4830bee	62912	2110043	8320	32256	29840	1	101083	35168
84.74	23341ca4e4830bee	62912	2110234	8320	32272	29888	1	101081	35152
84.92	23341ca4e4830bee	62912	2110420	8320	32272	29888	1	101081	35152
84.92	23341ca4e4830bee	62912	2110666	8320	32272	29888	1	101075	35152
84.92	23341ca4e4830bee	62800	2110857	8320	32272	29888	1	101081	35120
84.92	23341ca4e4830bee	62800	2111048	8320	32256	29824	1	101079	35120
84.92	23341ca4e4830bee	62800	2111239	8320	32256	29824	1	101079	35120
84.92	23341ca4e4830bee	62800	2111430	8320	32256	29824	1	101079	35120
84.92	23341ca4e4830bee	62784	2111621	8320	32240	29872	1	101081	35168
84.92	23341ca4e4830bee	62784	2111813	8320	32240	29872	1	101075	35168
84.92	23341ca4e4830bee	62784	2112004	8320	32240	29872	0	101073	35168
84.92	23341ca4e4830bee	62784	2112195	8320	32240	29872	0	101075	35168
84.74	23341ca4e4830bee	62832	2112376	8320	32272	29840	0	101071	35184
84.92	23341ca4e4830bee	62832	2112567	8320	32272	29840	1	101081	35184
84.92	23341ca4e4830bee	62832	2112758	8320	32272	29840	0	101079	35184
84.92	23341ca4e4830bee	62832	2112949	8320	32272	29840	1	101075	35184
84.92	23341ca4e4830bee	63072	2113140	8320	32288	29824	1	101079	35168
84.92	23341ca4e4830bee	63072	2113332	8320	32288	29824	0	101079	35168
84.92	23341ca4e4830bee	63072	2113523	8320	32288	29824	0	101085	35168
84.92	23341ca4e4830bee	63072	2113714	8320	32288	29824	0	101085	35168
84.92	23341ca4e4830bee	62944	2113905	8320	32256	29840	1	101083	35168
84.92	23341ca4e4830bee	62944	2114086	8320	32256	29840	1	101081	35168
84.92	23341ca4e4830bee	62944	2114278	8320	32256	29840	1	101079	35168
84.92	23341ca4e4830bee	62624	2114515	8320	32256	29824	1	101075	35120
84.92	23341ca4e4830bee	62624	2114696	8320	32256	29824	1	101091	35120
84.92	23341ca4e4830bee	62624	2114888	8320	32256	29824	1	101075	35120
84.92	23341ca4e4830bee	62624	2115079	8320	32256	29824	1	101073	35120
84.92	23341ca4e4830bee	63136	2115270	8320	32240	29840	0	101079	35152
84.92	23341ca4e4830bee	63136	2115461	8320	32240	29840	1	101067	35152
84.92	23341ca4e4830bee	63136	2115652	8320	32240	29840	1	101079	35152
84.92	23341ca4e4830bee	63136	2115843	8320	32240	29840	1	101087	35152
84.92	23341ca4e4830bee	63024	2116034	8320	32240	29824	1	101085	35168
84.92	23341ca4e4830bee	63024	2116225	8320	32240	29824	1	101079	35168
84.92	23341ca4e4830bee	63024	2116406	8320	32240	29824	1	101075	35168
84.92	23341ca4e4830bee	63024	2116597	8320	32240	29824	1	101075	35168
84.92	23341ca4e4830bee	63008	2116789	8320	32256	29824	0	101081	35120
84.92	23341ca4e4830bee	63008	2116980	8320	32256	29824	0	101079	35120
84.92	23341ca4e4830bee	63008	2117171	8320	32256	29824	0	101081	35120
84.92	23341ca4e4830bee	63008	2117362	8320	32256	29824	0	101083	35088
84.92	23341ca4e4830bee	63008	2117553	8320	32256	29840	0	101081	35088
84.92	23341ca4e4830bee	63008	2117744	8320	32256	29840	0	101073	35088
84.92	23341ca4e4830bee	63008	2117936	8320	32256	29840	0	101075	35088
84.92	23341ca4e4830bee	63008	2118117	8320	32256	29824	0	101081	35200
84.92	23341ca4e4830bee	63008	2118358	8320	32256	29824	0	101083	35200
84.92	23341ca4e4830bee	63008	2118549	8320	32256	29824	0	101077	35200
84.92	23341ca4e4830bee	63008	2118740	8320	32256	29824	0	101083	35200
84.92	23341ca4e4830bee	62992	2118931	8320	32272	29872	0	101083	35200
84.92	23341ca4e4830bee	62992	2119122	8320	32272	29872	0	101079	35200
84.92	23341ca4e4830bee	62992	2119313	8320	32272	29872	0	101081	35200
84.92	23341ca4e4830bee	62992	2119507	8320	32272	29872	0	101077	35200
84.92	23341ca4e4830bee	62992	2119698	8320	32272	29840	0	101087	35088
84.92	23341ca4e4830bee	62992	2119890	8320	32272	29840	0	101083	35088
84.92	23341ca4e4830bee	62992	2120081	8320	32272	29840	0	101077	35088
84.92	23341ca4e4830bee	62992	2120272	8320	32256	29840	0	101081	35200
84.92	23341ca4e4830bee	62992	2120463	8320	32256	29840	0	101083	35200
84.92	23341ca4e4830bee	62992	2120654	8320	32256	29840	0	101081	35200
84.92	23341ca4e4830bee	62992	2120845	8320	32256	29840	0	101075	35200
84.92	23341ca4e4830bee	62992	2121036	8320	32256	29808	0	101079	35136
84.92	23341ca4e4830bee	62992	2121228	8320	32256	29808	0	101079	35136
84.92	23341ca4e4830bee	62992	2121419	8320	32256	29808	0	101079	35136
84.92	23341ca4e4830bee	62992	2121610	8320	32256	29808	0	101079	35136
84.92	23341ca4e4830bee	62992	2121801	8320	32288	29840	0	101075	35136
84.92	23341ca4e4830bee	62992	2121992	8320	32288	29840	0	101081	35136
84.92	23341ca4e4830bee	62992	2122225	8320	32288	29840	0	101079	35136
84.92	23341ca4e4830bee	62992	2122424	8320	32288	29840	0	101083	35152
84.92	23341ca4e4830bee	62992	2122624	8320	32240	29856	0	101081	35152
84.92	23341ca4e4830bee	62992	2122815	8320	32240	29856	0	101075	35152
84.92	23341ca4e4830bee	62992	2123010	8320	32240	29856	0	101077	35152
84.74	23341ca4e4830bee	62992	2123201	8320	32272	29776	0	101075	35168
84.92	23341ca4e4830bee	62992	2123392	8320	32272	29776	0	101083	35168
84.74	23341ca4e4830bee	62992	2123583	8320	32272	29776	0	101081	35168
84.92	23341ca4e4830bee	62992	2123774	8320	32272	29776	0	101089	35168
84.92	23341ca4e4830bee	62992	2123965	8320	32272	29840	0	101075	35168
84.74	23341ca4e4830bee	62992	2124156	8320	32272	29840	0	101077	35168
84.74	23341ca4e4830bee	62992	2124338	8320	32272	29840	0	101075	35168
84.74	23341ca4e4830bee	62992	2124539	8320	32272	29840	0	101087	35168
84.74	23341ca4e4830bee	62992	2124733	8320	32288	29872	0	101085	35120
84.74	23341ca4e4830bee	62992	2124924	8320	32288	29872	0	101081	35120
84.74	23341ca4e4830bee	62992	2125115	8320	32288	29872	0	101087	35120
84.74	23341ca4e4830bee	62992	2125306	8320	32288	29872	0	101089	35136
84.74	23341ca4e4830bee	62992	2125488	8320	32224	29824	0	101077	35136
84.74	23341ca4e4830bee	62992	2125679	8320	32224	29824	0	101081	35136
84.74	23341ca4e4830bee	62992	2125870	8320	32224	29824	0	101079	35136
84.74	23341ca4e4830bee	62992	2126109	8320	32256	29808	0	101079	35088
84.74	23341ca4e4830bee	62992	2126300	8320	32256	29808	0	101083	35088
84.74	23341ca4e4830bee	62992	2126491	8320	32256	29808	0	101075	35088
84.74	23341ca4e4830bee	62992	2126682	8320	32256	29808	0	101077	35088
84.74	23341ca4e4830bee	62992	2126873	8320	32256	29856	0	101081	35184
84.74	23341ca4e4830bee	62992	2127064	8320	32256	29856	0	101085	35184
84.74	23341ca4e4830bee	62992	2127255	8320	32256	29856	0	101079	35184
84.74	23341ca4e4830bee	62992	2127446	8320	32256	29856	0	101081	35184
84.74	23341ca4e4830bee	62992	2127627	8320	32256	29840	0	101069	35152
84.74	23341ca4e4830bee	62992	2127819	8320	32256	29840	0	101073	35152
84.74	23341ca4e4830bee	62992	2128010	8320	32256	29840	0	101077	35152
84.74	23341ca4e4830bee	62992	2128201	8320	32256	29840	0	101091	35168
84.74	23341ca4e4830bee	62992	2128392	8320	32304	29872	0	101083	35168
84.74	23341ca4e4830bee	62992	2128583	8320	32304	29872	0	101085	35168
84.74	23341ca4e4830bee	62992	2128774	8320	32304	29872	0	101079	35168
84.74	23341ca4e4830bee	62992	2128965	8320	32272	29824	0	101081	35200
84.74	23341ca4e4830bee	62992	2129157	8320	32272	29824	0	101079	35200
84.74	23341ca4e4830bee	62992	2129338	8320	32272	29824	0	101085	35200
84.74	23341ca4e4830bee	62992	2129529	8320	32272	29824	0	101071	35200
84.74	23341ca4e4830bee	62992	2129725	8320	32288	29840	0	101085	35120
84.74	23341ca4e4830bee	62992	2129953	8320	32288	29840	0	101079	35120
84.74	23341ca4e4830bee	62992	2130144	8320	32288	29840	0	101081	35120
84.74	23341ca4e4830bee	62992	2130335	8320	32288	29840	0	101081	35120
84.74	23341ca4e4830bee	62992	2130526	8320	32256	29856	0	101079	35120
84.74	23341ca4e4830bee	62992	2130717	8320	32256	29856	0	101081	35120
84.74	23341ca4e4830bee	62992	2130898	8320	32256	29856	0	101081	35120
84.74	23341ca4e4830bee	62992	2131090	8320	32256	29856	0	101075	35088
84.74	23341ca4e4830bee	62992	2131281	8320	32304	29856	0	101075	35088
84.74	23341ca4e4830bee	62992	2131472	8320	32304	29856	0	101081	35088
84.74	23341ca4e4830bee	62992	2131663	8320	32304	29856	0	101087	35088
84.74	23341ca4e4830bee	62992	2131854	8320	32256	29840	0	101081	35152
84.74	23341ca4e4830bee	62992	2132045	8320	32256	29840	0	101089	35152
84.74	23341ca4e4830bee	62992	2132237	8320	32256	29840	0	101085	35152
84.74	23341ca4e4830bee	62992	2132428	8320	32256	29840	0	101071	35152
84.74	23341ca4e4830bee	62992	2132619	8320	32288	29824	0	101085	35152
84.74	23341ca4e4830bee	62992	2132810	8320	32288	29824	0	101075	35152
84.74	23341ca4e4830bee	62992	2133001	8320	32288	29824	0	101079	35152
84.74	23341ca4e4830bee	62992	2133193	8320	32288	29824	0	101081	35152
84.74	23341ca4e4830bee	62992	2133384	8320	32272	29808	0	101081	35024
84.74	23341ca4e4830bee	62992	2133575	8320	32272	29808	0	101087	35024
84.74	23341ca4e4830bee	62992	2133802	8320	32272	29808	0	101077	35024
84.74	23341ca4e4830bee	62992	2133993	8320	32272	29808	0	101073	35136
84.74	23341ca4e4830bee	62992	2134184	8320	32256	29824	0	101085	35136
84.74	23341ca4e4830bee	62992	2134375	8320	32256	29824	0	101079	35136
84.74	23341ca4e4830bee	62992	2134566	8320	32256	29824	0	101081	35136
84.74	23341ca4e4830bee	62992	2134757	8320	32256	29824	0	101075	35184
84.74	23341ca4e4830bee	62992	2134938	8320	32256	29824	0	101083	35184
84.74	23341ca4e4830bee	62992	2135129	8320	32256	29824	0	101087	35184
84.74	23341ca4e4830bee	62992	2135320	8320	32256	29824	0	101079	35184
84.74	23341ca4e4830bee	62992	2135512	8320	32256	29840	0	101079	35088
84.74	23341ca4e4830bee	62992	2135703	8320	32256	29840	0	101081	35088
84.74	23341ca4e4830bee	62992	2135894	8320	32256	29840	0	101079	35088
84.74	23341ca4e4830bee	62992	2136085	8320	32256	29840	0	101075	35088
84.74	23341ca4e4830bee	62992	2136276	8320	32272	29808	0	101067	35152
84.74	23341ca4e4830bee	62992	2136467	8320	32272	29808	0	101083	35152
84.74	23341ca4e4830bee	62992	2136648	8320	32272	29808	0	101069	35152
84.74	23341ca4e4830bee	62992	2136840	8320	32272	29808	0	101077	35152
84.74	23341ca4e4830bee	62992	2137031	8320	32272	29840	0	101077	35152
84.74	23341ca4e4830bee	62992	2137222	8320	32272	29840	0	101077	35152
84.74	23341ca4e4830bee	62992	2137414	8320	32272	29840	0	101071	35152