Digit_temp	id	light	timestamp	acc_z	acc_y	acc_x	motion	pressure	humid
84.74	23341ca4e4830bee	62960	888577	8320	32240	29808	0	101083	35136
84.74	23341ca4e4830bee	62960	888776	8320	32240	29808	0	101101	35136
84.74	23341ca4e4830bee	62960	888967	8320	32240	29808	0	101083	35136
84.74	23341ca4e4830bee	62960	889158	8320	32240	29808	0	101101	35136
84.74	23341ca4e4830bee	62960	889350	8320	32288	29824	0	101083	35152
84.74	23341ca4e4830bee	62960	889531	8320	32288	29824	0	101093	35152
84.74	23341ca4e4830bee	62960	889722	8320	32288	29824	0	101093	35152
84.74	23341ca4e4830bee	62960	889913	8320	32288	29824	0	101089	35152
84.74	23341ca4e4830bee	62960	890104	8320	32288	29824	0	101089	35136
84.74	23341ca4e4830bee	62960	890295	8320	32288	29824	0	101089	35136
84.74	23341ca4e4830bee	62960	890486	8320	32288	29824	0	101095	35136
84.74	23341ca4e4830bee	62960	890677	8320	32288	29824	0	101083	35152
84.74	23341ca4e4830bee	62960	890868	8320	32288	29792	0	101099	35152
84.74	23341ca4e4830bee	62960	891059	8320	32288	29792	0	101093	35152
84.74	23341ca4e4830bee	62960	891250	8320	32288	29792	0	101091	35152
84.74	23341ca4e4830bee	62960	891431	8320	32224	29776	0	101087	35104
84.74	23341ca4e4830bee	62960	891622	8320	32224	29776	0	101095	35104
84.74	23341ca4e4830bee	62960	891813	8320	32224	29776	0	101089	35104
84.74	23341ca4e4830bee	62960	892004	8320	32224	29776	0	101091	35104
84.74	23341ca4e4830bee	62960	892195	8320	32256	29792	0	101089	35168
84.74	23341ca4e4830bee	62960	892428	8320	32256	29792	0	101089	35168
84.74	23341ca4e4830bee	62960	892619	8320	32256	29792	0	101093	35168
84.74	23341ca4e4830bee	62960	892810	8320	32256	29792	0	101087	35168
84.74	23341ca4e4830bee	62960	892991	8320	32272	29808	0	101083	35136
84.74	23341ca4e4830bee	62960	893182	8320	32272	29808	0	101085	35136
84.74	23341ca4e4830bee	62960	893373	8320	32272	29808	0	101095	35136
84.74	23341ca4e4830bee	62960	893564	8320	32272	29808	0	101087	35168
84.74	23341ca4e4830bee	62960	893755	8320	32256	29808	0	101085	35168
84.74	23341ca4e4830bee	62960	893947	8320	32256	29808	0	101089	35168
84.74	23341ca4e4830bee	62960	894138	8320	32256	29808	0	101089	35168
84.74	23341ca4e4830bee	62960	894329	8320	32256	29792	0	101095	35184
84.92	23341ca4e4830bee	62960	894520	8320	32256	29792	0	101095	35184
84.92	23341ca4e4830bee	62960	894711	8320	32256	29792	0	101095	35184
84.92	23341ca4e4830bee	62960	894902	8320	32256	29792	0	101093	35184
84.74	23341ca4e4830bee	62960	895093	8320	32304	29824	0	101083	35152
84.74	23341ca4e4830bee	62960	895285	8320	32304	29824	0	101095	35152
84.92	23341ca4e4830bee	62960	895476	8320	32304	29824	0	101107	35152
84.92	23341ca4e4830bee	62960	895668	8320	32304	29824	0	101101	35152
84.74	23341ca4e4830bee	62960	895859	8320	32240	29792	0	101089	35136
84.92	23341ca4e4830bee	62960	896050	8320	32240	29792	0	101089	35136
84.74	23341ca4e4830bee	62960	896279	8320	32240	29792	0	101101	35136
84.74	23341ca4e4830bee	62960	896470	8320	32240	29792	0	101095	35120
84.74	23341ca4e4830bee	62960	896652	8320	32208	29792	0	101085	35120
84.92	23341ca4e4830bee	62960	896843	8320	32208	29792	0	101109	35120
84.74	23341ca4e4830bee	62960	897034	8320	32208	29792	0	101085	35120
84.74	23341ca4e4830bee	62960	897225	8320	32256	29808	0	101089	35152
84.74	23341ca4e4830bee	62960	897420	8320	32256	29808	0	101089	35152
84.92	23341ca4e4830bee	62960	897611	8320	32256	29808	0	101087	35152
84.92	23341ca4e4830bee	62960	897793	8320	32256	29808	0	101095	35152
84.92	23341ca4e4830bee	62960	897984	8320	32288	29776	0	101095	35168
84.92	23341ca4e4830bee	62960	898175	8320	32288	29776	0	101099	35168
84.92	23341ca4e4830bee	62960	898366	8320	32288	29776	0	101095	35168
84.92	23341ca4e4830bee	62960	898557	8320	32288	29776	0	101095	35168
84.92	23341ca4e4830bee	62960	898748	8192	32256	29808	0	101093	35136
84.92	23341ca4e4830bee	62960	898939	8192	32256	29808	0	101095	35136
84.74	23341ca4e4830bee	62960	899131	8192	32256	29808	0	101081	35136
84.74	23341ca4e4830bee	62960	899312	8192	32256	29808	0	101087	35136
84.74	23341ca4e4830bee	62960	899503	8192	32224	29792	0	101089	35184
84.74	23341ca4e4830bee	62960	899694	8192	32224	29792	0	101095	35184
84.74	23341ca4e4830bee	62960	899885	8192	32224	29792	0	101083	35184
84.74	23341ca4e4830bee	62960	900129	8320	32272	29808	0	101089	35200
84.92	23341ca4e4830bee	62960	900320	8320	32272	29808	0	101103	35200
84.92	23341ca4e4830bee	62960	900511	8320	32272	29808	0	101107	35200
84.74	23341ca4e4830bee	62960	900692	8320	32272	29808	0	101091	35200
84.92	23341ca4e4830bee	62960	900883	8320	32288	29840	0	101093	35120
84.92	23341ca4e4830bee	62960	901074	8320	32288	29840	0	101093	35120
84.92	23341ca4e4830bee	62960	901265	8320	32288	29840	0	101089	35120
84.92	23341ca4e4830bee	62960	901456	8320	32288	29840	0	101103	35120
84.74	23341ca4e4830bee	62960	901647	8320	32288	29776	0	101087	35216
84.74	23341ca4e4830bee	62960	901838	8320	32288	29776	0	101093	35216
84.74	23341ca4e4830bee	62960	902029	8320	32288	29776	0	101093	35216
84.74	23341ca4e4830bee	62960	902220	8320	32288	29776	0	101093	35120
84.74	23341ca4e4830bee	62960	902411	8320	32272	29824	0	101087	35120
84.74	23341ca4e4830bee	62960	902592	8320	32272	29824	0	101077	35120
84.74	23341ca4e4830bee	62960	902784	8320	32272	29824	0	101095	35120
84.74	23341ca4e4830bee	62960	902975	8192	32240	29824	0	101095	35104
84.74	23341ca4e4830bee	62960	903166	8192	32240	29808	0	101089	35104
84.74	23341ca4e4830bee	62960	903357	8192	32240	29808	0	101093	35104
84.74	23341ca4e4830bee	62960	903548	8192	32240	29808	0	101085	35104
84.74	23341ca4e4830bee	62960	903739	8320	32256	29792	0	101083	35184
84.74	23341ca4e4830bee	62960	903976	8320	32256	29792	0	101095	35184
84.92	23341ca4e4830bee	62960	904167	8320	32256	29792	0	101091	35184
84.74	23341ca4e4830bee	62960	904358	8320	32256	29792	0	101083	35184
84.74	23341ca4e4830bee	62960	904549	8320	32272	29776	0	101089	35200
84.92	23341ca4e4830bee	62960	904740	8320	32272	29776	0	101083	35200
84.92	23341ca4e4830bee	62960	904931	8320	32272	29776	0	101099	35200
84.92	23341ca4e4830bee	62960	905113	8320	32272	29776	0	101087	35184
84.92	23341ca4e4830bee	62960	905304	8320	32240	29824	0	101089	35184
84.92	23341ca4e4830bee	62960	905495	8320	32240	29824	0	101089	35184
84.92	23341ca4e4830bee	62960	905686	8320	32240	29824	0	101089	35184
84.92	23341ca4e4830bee	62960	905877	8320	32256	29824	0	101087	35152
84.92	23341ca4e4830bee	62960	906068	8320	32256	29824	0	101091	35152
84.92	23341ca4e4830bee	62960	906259	8320	32256	29824	0	101083	35152
84.92	23341ca4e4830bee	62960	906450	8320	32256	29824	0	101091	35152
84.92	23341ca4e4830bee	62960	906642	8320	32272	29792	0	101091	35184
84.92	23341ca4e4830bee	62960	906823	8320	32272	29792	0	101091	35184
84.92	23341ca4e4830bee	62960	907014	8320	32272	29792	0	101091	35184
84.92	23341ca4e4830bee	62960	907205	8320	32272	29792	0	101105	35184
84.92	23341ca4e4830bee	62960	907396	8320	32272	29776	0	101087	35136
84.92	23341ca4e4830bee	62960	907588	8320	32272	29776	0	101089	35136
84.74	23341ca4e4830bee	62960	907840	8320	32272	29776	0	101087	35136
84.92	23341ca4e4830bee	62944	908032	8320	32240	29776	0	101089	35136
84.92	23341ca4e4830bee	62944	908223	8320	32240	29824	0	101085	35136
84.92	23341ca4e4830bee	62944	908414	8320	32240	29824	0	101077	35136
84.92	23341ca4e4830bee	62944	908605	8320	32240	29824	0	101087	35136
84.92	23341ca4e4830bee	62960	908796	8320	32304	29808	0	101087	35120
84.92	23341ca4e4830bee	62960	908987	8320	32304	29808	0	101101	35120
84.74	23341ca4e4830bee	62960	909178	8320	32304	29808	0	101089	35120
84.74	23341ca4e4830bee	62960	909370	8320	32304	29808	0	101093	35120
84.92	23341ca4e4830bee	62960	909561	8320	32272	29824	0	101095	35200
84.74	23341ca4e4830bee	62960	909752	8320	32272	29824	0	101087	35200
84.92	23341ca4e4830bee	62960	909933	8320	32272	29824	0	101093	35200
84.92	23341ca4e4830bee	62960	910124	8320	32272	29824	0	101089	35200
84.92	23341ca4e4830bee	62960	910315	8320	32240	29824	0	101095	35200
84.74	23341ca4e4830bee	62960	910506	8320	32240	29824	0	101085	35200
84.92	23341ca4e4830bee	62960	910698	8320	32240	29824	0	101095	35200
84.74	23341ca4e4830bee	62960	910889	8320	32240	29824	0	101095	35184
84.92	23341ca4e4830bee	62960	911080	8320	32288	29776	0	101095	35184
84.92	23341ca4e4830bee	62960	911271	8320	32288	29776	0	101095	35184
84.74	23341ca4e4830bee	62960	911462	8320	32288	29776	0	101083	35184
84.92	23341ca4e4830bee	62960	911699	8320	32256	29856	0	101095	35120
84.92	23341ca4e4830bee	62960	911890	8320	32256	29856	0	101091	35120
84.92	23341ca4e4830bee	62960	912081	8320	32256	29856	0	101091	35120
84.92	23341ca4e4830bee	62960	912272	8320	32256	29856	0	101093	35120
84.92	23341ca4e4830bee	62960	912472	8320	32272	29792	0	101091	35184
84.92	23341ca4e4830bee	62960	912663	8320	32272	29792	0	101093	35184
84.92	23341ca4e4830bee	62960	912844	8320	32272	29792	0	101087	35184
84.92	23341ca4e4830bee	62960	913035	8320	32272	29792	0	101093	35184
84.92	23341ca4e4830bee	62960	913226	8320	32240	29808	0	101103	35136
84.92	23341ca4e4830bee	62960	913418	8320	32240	29808	0	101099	35136
84.92	23341ca4e4830bee	62960	913609	8320	32240	29808	0	101091	35136
84.92	23341ca4e4830bee	62960	913800	8320	32240	29808	0	101087	35104
84.92	23341ca4e4830bee	62960	913991	8320	32272	29808	0	101081	35104
84.92	23341ca4e4830bee	62960	914191	8320	32272	29808	0	101087	35104
84.92	23341ca4e4830bee	62960	914382	8320	32272	29808	0	101091	35104
84.92	23341ca4e4830bee	62960	914563	8320	32240	29808	0	101089	35200
84.74	23341ca4e4830bee	62960	914755	8320	32240	29808	0	101087	35200
84.92	23341ca4e4830bee	62960	914946	8320	32240	29808	0	101093	35200
84.74	23341ca4e4830bee	62960	915137	8320	32240	29808	0	101095	35200
84.74	23341ca4e4830bee	62960	915328	8192	32304	29840	0	101085	35184
84.74	23341ca4e4830bee	62960	915564	8192	32304	29840	0	101085	35184
84.74	23341ca4e4830bee	62960	915755	8192	32304	29840	0	101095	35184
84.74	23341ca4e4830bee	62960	915946	8320	32304	29840	0	101091	35136
84.74	23341ca4e4830bee	62960	916137	8320	32224	29824	0	101089	35136
84.74	23341ca4e4830bee	62960	916328	8320	32224	29824	0	101089	35136
84.74	23341ca4e4830bee	62960	916519	8320	32224	29824	0	101087	35136
84.74	23341ca4e4830bee	62960	916710	8320	32272	29824	0	101091	35152
84.74	23341ca4e4830bee	62960	916901	8320	32272	29808	0	101093	35152
84.74	23341ca4e4830bee	62960	917092	8320	32272	29808	0	101099	35152
84.74	23341ca4e4830bee	62960	917283	8320	32272	29808	0	101093	35152
84.74	23341ca4e4830bee	62960	917475	8320	32288	29808	0	101101	35216
84.74	23341ca4e4830bee	62960	917666	8320	32288	29808	0	101091	35216
84.74	23341ca4e4830bee	62960	917857	8320	32288	29808	0	101099	35216
84.74	23341ca4e4830bee	62960	918048	8320	32288	29808	0	101101	35216
84.74	23341ca4e4830bee	62960	918239	8320	32256	29792	0	101093	35168
84.74	23341ca4e4830bee	62960	918430	8320	32256	29792	0	101093	35168
84.74	23341ca4e4830bee	62960	918622	8320	32256	29792	0	101089	35168
84.74	23341ca4e4830bee	62960	918813	8320	32256	29792	0	101093	35168
84.74	23341ca4e4830bee	62960	918994	8320	32288	29824	0	101087	35152
84.74	23341ca4e4830bee	62960	919185	8320	32288	29824	0	101101	35152
84.74	23341ca4e4830bee	62960	919426	8320	32288	29824	0	101089	35152
84.74	23341ca4e4830bee	62960	919617	8320	32288	29840	0	101087	35120
84.74	23341ca4e4830bee	62960	919808	8320	32288	29840	0	101091	35120
84.74	23341ca4e4830bee	62960	919999	8320	32288	29840	0	101101	35120
84.74	23341ca4e4830bee	62960	920190	8320	32288	29840	0	101091	35120
84.74	23341ca4e4830bee	62960	920381	8320	32256	29792	0	101099	35184
84.74	23341ca4e4830bee	62960	920572	8320	32256	29792	0	101093	35184
84.74	23341ca4e4830bee	62960	920763	8320	32256	29792	0	101099	35184
84.74	23341ca4e4830bee	62960	920944	8320	32256	29792	0	101091	35184
84.74	23341ca4e4830bee	62960	921136	8320	32256	29792	0	101099	35184
84.74	23341ca4e4830bee	62960	921327	8320	32256	29792	0	101095	35184
84.74	23341ca4e4830bee	62960	921518	8320	32256	29792	0	101091	35184
84.74	23341ca4e4830bee	62960	921709	8320	32256	29792	0	101101	35184
84.74	23341ca4e4830bee	62960	921900	8320	32272	29840	0	101093	35104
84.74	23341ca4e4830bee	62960	922091	8320	32272	29840	0	101087	35104
84.74	23341ca4e4830bee	62960	922282	8320	32272	29840	0	101101	35104
84.74	23341ca4e4830bee	62960	922474	8320	32272	29840	0	101101	35104
84.74	23341ca4e4830bee	62960	922655	8320	32272	29776	0	101093	35104
84.74	23341ca4e4830bee	62960	922846	8320	32272	29776	0	101091	35104
84.74	23341ca4e4830bee	62960	923038	8320	32272	29776	0	101101	35104
84.74	23341ca4e4830bee	62960	923279	8320	32256	29792	0	101087	35232
84.74	23341ca4e4830bee	62960	923470	8320	32256	29792	0	101107	35232
84.74	23341ca4e4830bee	62960	923662	8320	32256	29792	0	101099	35232
84.74	23341ca4e4830bee	62960	923853	8320	32256	29792	0	101091	35232
84.74	23341ca4e4830bee	62960	924044	8320	32304	29808	0	101093	35184
84.74	23341ca4e4830bee	62960	924225	8320	32304	29808	0	101099	35184
84.74	23341ca4e4830bee	62960	924416	8320	32304	29808	0	101099	35184
84.74	23341ca4e4830bee	62960	924607	8320	32304	29808	0	101093	35184
84.74	23341ca4e4830bee	62960	924799	8320	32256	29808	0	101101	35168
84.74	23341ca4e4830bee	62960	924990	8320	32256	29808	0	101099	35168
84.74	23341ca4e4830bee	62960	925181	8320	32256	29808	0	101095	35168
84.74	23341ca4e4830bee	62960	925372	8320	32256	29808	0	101101	35152
84.74	23341ca4e4830bee	62960	925563	8320	32256	29824	0	101099	35152
84.74	23341ca4e4830bee	62960	925754	8320	32256	29824	0	101091	35152
84.74	23341ca4e4830bee	62960	925945	8320	32256	29824	0	101093	35152
84.74	23341ca4e4830bee	62960	926137	8320	32256	29824	0	101085	35168
84.74	23341ca4e4830bee	62960	926328	8320	32256	29824	0	101087	35168
84.74	23341ca4e4830bee	62960	926519	8320	32256	29824	0	101091	35168
84.74	23341ca4e4830bee	62960	926710	8320	32256	29824	0	101083	35168
84.74	23341ca4e4830bee	62960	926901	8320	32224	29840	0	101105	35184
84.74	23341ca4e4830bee	62960	927130	8320	32224	29840	0	101085	35184
84.74	23341ca4e4830bee	62960	927321	8320	32224	29840	0	101091	35184
84.74	23341ca4e4830bee	62960	927512	8320	32224	29840	0	101093	35104
84.74	23341ca4e4830bee	62960	927706	8320	32304	29776	0	101095	35104
84.74	23341ca4e4830bee	62960	927897	8320	32304	29776	0	101095	35104
84.74	23341ca4e4830bee	62960	928097	8320	32304	29776	0	101103	35104
84.74	23341ca4e4830bee	62960	928289	8320	32240	29776	0	101089	35168
84.74	23341ca4e4830bee	62960	928487	8320	32240	29776	0	101093	35168
84.74	23341ca4e4830bee	62960	928678	8320	32240	29776	0	101091	35168
84.74	23341ca4e4830bee	62960	928869	8320	32240	29776	0	101095	35168
84.74	23341ca4e4830bee	62960	929060	8320	32240	29808	0	101101	35200
84.74	23341ca4e4830bee	62960	929257	8320	32240	29808	0	101085	35200
84.74	23341ca4e4830bee	62960	929448	8320	32240	29808	0	101099	35200
84.74	23341ca4e4830bee	62960	929639	8320	32240	29808	0	101089	35200
84.74	23341ca4e4830bee	62960	929830	8320	32256	29808	0	101093	35184
84.74	23341ca4e4830bee	62960	930021	8320	32256	29808	0	101091	35184
84.74	23341ca4e4830bee	62960	930212	8320	32256	29808	0	101093	35184
84.74	23341ca4e4830bee	62976	930404	8320	32256	29808	0	101099	35136
84.74	23341ca4e4830bee	62976	930595	8320	32272	29808	0	101085	35136
84.74	23341ca4e4830bee	62976	930786	8320	32272	29808	0	101089	35136
84.74	23341ca4e4830bee	62976	931027	8320	32272	29808	0	101091	35136
84.74	23341ca4e4830bee	62976	931218	8320	32288	29792	0	101093	35184
84.74	23341ca4e4830bee	62976	931409	8320	32288	29792	0	101091	35184
84.74	23341ca4e4830bee	62976	931600	8320	32288	29792	0	101091	35184
84.74	23341ca4e4830bee	62976	931791	8320	32288	29792	0	101083	35184
84.74	23341ca4e4830bee	62976	931982	8192	32304	29840	0	101099	35120
84.74	23341ca4e4830bee	62976	932177	8192	32304	29840	0	101087	35120
84.74	23341ca4e4830bee	62976	932368	8192	32304	29840	0	101095	35120
84.74	23341ca4e4830bee	62976	932559	8320	32304	29840	0	101099	35104
84.74	23341ca4e4830bee	62976	932750	8320	32224	29808	0	101101	35104
84.74	23341ca4e4830bee	62976	932941	8320	32224	29808	0	101093	35104
84.74	23341ca4e4830bee	62976	933132	8320	32224	29808	0	101095	35104
84.74	23341ca4e4830bee	62976	933323	8320	32224	29808	0	101087	35200
84.74	23341ca4e4830bee	62976	933515	8320	32224	29776	0	101093	35200
84.74	23341ca4e4830bee	62976	933696	8320	32224	29776	0	101093	35200
84.74	23341ca4e4830bee	62976	933887	8320	32224	29776	0	101091	35200
84.74	23341ca4e4830bee	62976	934078	8320	32224	29808	0	101087	35136
84.74	23341ca4e4830bee	62976	934274	8320	32224	29808	0	101095	35136
84.74	23341ca4e4830bee	62976	934465	8320	32224	29808	1	101101	35136
84.74	23341ca4e4830bee	62976	934646	8320	32224	29808	1	101093	35136
84.74	23341ca4e4830bee	63136	934888	8320	32288	29776	1	101083	35168
84.74	23341ca4e4830bee	63136	935079	8320	32288	29776	1	101087	35168
84.74	23341ca4e4830bee	63136	935270	8320	32288	29776	1	101093	35168
84.74	23341ca4e4830bee	63808	935461	8192	32288	29776	1	101101	35152
84.74	23341ca4e4830bee	63808	935653	8192	32256	29792	1	101093	35152
84.74	23341ca4e4830bee	63808	935844	8192	32256	29792	1	101093	35152
84.74	23341ca4e4830bee	63808	936035	8192	32256	29792	1	101091	35152
84.56	23341ca4e4830bee	63216	936226	8320	32256	29760	1	101091	35168
84.56	23341ca4e4830bee	63216	936417	8320	32256	29760	1	101093	35168
84.56	23341ca4e4830bee	63216	936623	8320	32256	29760	0	101091	35168
84.56	23341ca4e4830bee	63216	936814	8320	32256	29760	1	101085	35168
84.56	23341ca4e4830bee	63920	937005	8192	32288	29840	1	101087	35184
84.56	23341ca4e4830bee	63920	937186	8192	32288	29840	0	101083	35184
84.56	23341ca4e4830bee	63920	937377	8192	32288	29840	1	101089	35184
84.56	23341ca4e4830bee	63920	937569	8192	32288	29840	1	101087	35184
84.56	23341ca4e4830bee	63312	937760	8192	32256	29792	1	101091	35152
84.56	23341ca4e4830bee	63312	937951	8192	32256	29792	1	101089	35152
84.56	23341ca4e4830bee	63312	938142	8192	32256	29792	1	101093	35152
84.56	23341ca4e4830bee	63312	938333	8320	32256	29792	1	101089	35152
84.56	23341ca4e4830bee	64160	938525	8320	32256	29824	1	101093	35152
84.56	23341ca4e4830bee	64160	938758	8320	32256	29824	1	101085	35152
84.56	23341ca4e4830bee	64160	938949	8320	32256	29824	1	101087	35152
84.56	23341ca4e4830bee	64112	939140	8320	32272	29808	0	101087	35136
84.56	23341ca4e4830bee	64112	939331	8320	32272	29808	1	101087	35136
84.56	23341ca4e4830bee	64112	939522	8320	32272	29808	1	101089	35136
84.56	23341ca4e4830bee	64112	939713	8320	32272	29808	1	101079	35136
84.56	23341ca4e4830bee	63536	939904	8320	32272	29824	1	101089	35136
84.56	23341ca4e4830bee	63536	940095	8320	32272	29824	1	101089	35136
84.56	23341ca4e4830bee	63536	940286	8320	32272	29824	1	101085	35136
84.56	23341ca4e4830bee	63536	940477	8320	32272	29824	1	101087	35136
84.56	23341ca4e4830bee	63632	940668	8320	32272	29792	0	101091	35168
84.56	23341ca4e4830bee	63632	940860	8320	32272	29792	1	101087	35168
84.56	23341ca4e4830bee	63632	941051	8320	32272	29792	1	101095	35168
84.56	23341ca4e4830bee	63360	941242	8320	32272	29792	1	101095	35136
84.56	23341ca4e4830bee	63360	941433	8320	32256	29776	1	101089	35136
84.56	23341ca4e4830bee	63360	941624	8320	32256	29776	0	101079	35136
84.56	23341ca4e4830bee	63360	941815	8320	32256	29776	1	101089	35136
84.56	23341ca4e4830bee	63488	941997	8320	32304	29776	0	101087	35168
84.56	23341ca4e4830bee	63488	942188	8320	32304	29776	1	101089	35168
84.56	23341ca4e4830bee	63488	942379	8320	32304	29776	1	101091	35168
84.56	23341ca4e4830bee	63488	942619	8320	32304	29776	1	101103	35168
84.56	23341ca4e4830bee	62864	942810	8320	32304	29792	1	101099	35184
84.56	23341ca4e4830bee	62864	943001	8320	32304	29792	1	101095	35184
84.56	23341ca4e4830bee	62864	943192	8320	32304	29792	0	101099	35184
84.56	23341ca4e4830bee	62864	943383	8320	32304	29792	1	101089	35184
84.56	23341ca4e4830bee	62496	943574	8320	32240	29776	1	101091	35136
84.56	23341ca4e4830bee	62496	943765	8320	32240	29776	0	101095	35136
84.56	23341ca4e4830bee	62496	943956	8320	32240	29776	1	101079	35136
84.56	23341ca4e4830bee	62640	944137	8320	32240	29776	1	101085	35136
84.56	23341ca4e4830bee	62640	944328	8320	32256	29792	1	101087	35136
84.56	23341ca4e4830bee	62640	944519	8320	32256	29792	1	101095	35136
84.56	23341ca4e4830bee	62640	944711	8320	32256	29792	0	101083	35136
84.56	23341ca4e4830bee	62384	944902	8192	32272	29824	1	101101	35168
84.56	23341ca4e4830bee	62384	945093	8192	32272	29824	0	101085	35168
84.56	23341ca4e4830bee	62384	945304	8192	32272	29824	1	101087	35168
84.56	23341ca4e4830bee	62384	945495	8192	32272	29824	1	101093	35168
84.56	23341ca4e4830bee	62384	945686	8320	32272	29792	1	101089	35136
84.56	23341ca4e4830bee	62384	945867	8320	32272	29792	1	101091	35136
84.56	23341ca4e4830bee	62384	946059	8320	32272	29792	1	101101	35136
84.56	23341ca4e4830bee	62384	946250	8320	32272	29792	0	101087	35136
84.56	23341ca4e4830bee	62368	946478	8320	32272	29792	1	101087	35136
84.56	23341ca4e4830bee	62368	946669	8320	32272	29792	1	101095	35136
84.56	23341ca4e4830bee	62368	946860	8320	32272	29792	1	101091	35136
84.56	23341ca4e4830bee	62352	947051	8320	32208	29792	0	101099	35136
84.74	23341ca4e4830bee	62352	947242	8320	32208	29776	1	101099	35136
84.56	23341ca4e4830bee	62352	947433	8320	32208	29776	1	101079	35136
84.56	23341ca4e4830bee	62352	947624	8320	32208	29776	1	101087	35136
84.56	23341ca4e4830bee	62352	947815	8320	32256	29808	1	101085	35120
84.56	23341ca4e4830bee	62352	948007	8320	32256	29808	1	101087	35120
84.56	23341ca4e4830bee	62352	948188	8320	32256	29808	1	101085	35120
84.56	23341ca4e4830bee	62352	948379	8320	32256	29808	1	101077	35120
84.56	23341ca4e4830bee	62352	948570	8320	32272	29808	1	101091	35168
84.56	23341ca4e4830bee	62352	948761	8320	32272	29808	1	101091	35168
84.56	23341ca4e4830bee	62352	948952	8320	32272	29808	1	101087	35168
84.56	23341ca4e4830bee	62352	949143	8320	32272	29808	1	101081	35168
84.56	23341ca4e4830bee	62352	949335	8320	32272	29808	1	101099	35152
84.56	23341ca4e4830bee	62352	949526	8320	32272	29808	0	101079	35152
84.56	23341ca4e4830bee	62352	949717	8320	32272	29808	1	101085	35152
84.56	23341ca4e4830bee	62352	949898	8320	32272	29808	1	101093	35136
84.74	23341ca4e4830bee	62368	950089	8320	32272	29776	1	101091	35136
84.56	23341ca4e4830bee	62368	950331	8320	32272	29776	1	101081	35136
84.56	23341ca4e4830bee	62368	950522	8320	32272	29776	1	101081	35136
84.74	23341ca4e4830bee	62368	950713	8320	32240	29792	1	101099	35168
84.56	23341ca4e4830bee	62368	950904	8320	32240	29792	0	101091	35168
84.56	23341ca4e4830bee	62368	951095	8320	32240	29792	1	101087	35168
84.56	23341ca4e4830bee	62368	951286	8320	32240	29792	1	101087	35168
84.56	23341ca4e4830bee	62352	951477	8320	32272	29792	1	101099	35104
84.56	23341ca4e4830bee	62352	951658	8320	32272	29792	1	101091	35104
84.56	23341ca4e4830bee	62352	951849	8320	32272	29792	1	101081	35104
84.56	23341ca4e4830bee	62352	952041	8320	32272	29792	1	101085	35104
84.56	23341ca4e4830bee	62352	952232	8320	32256	29824	1	101081	35184
84.56	23341ca4e4830bee	62352	952423	8320	32256	29824	1	101081	35184
84.56	23341ca4e4830bee	62352	952614	8320	32256	29824	1	101085	35184
84.56	23341ca4e4830bee	62352	952805	8320	32256	29824	0	101087	35152
84.56	23341ca4e4830bee	62352	952997	8320	32304	29824	0	101087	35152
84.56	23341ca4e4830bee	62352	953183	8320	32304	29824	1	101093	35152
84.56	23341ca4e4830bee	62352	953374	8320	32304	29824	1	101087	35152
84.56	23341ca4e4830bee	62352	953566	8192	32256	29776	1	101087	35152
84.56	23341ca4e4830bee	62352	953757	8192	32256	29776	1	101085	35152
84.56	23341ca4e4830bee	62352	953938	8192	32256	29776	1	101085	35152
84.56	23341ca4e4830bee	62352	954177	8192	32256	29776	0	101087	35152
84.56	23341ca4e4830bee	62352	954358	8320	32288	29808	1	101085	35168
84.56	23341ca4e4830bee	62352	954550	8320	32288	29808	1	101093	35168
84.56	23341ca4e4830bee	62352	954741	8320	32288	29808	1	101081	35168
84.56	23341ca4e4830bee	62352	954932	8320	32288	29808	1	101079	35168
84.56	23341ca4e4830bee	62352	955123	8320	32224	29840	1	101091	35136
84.56	23341ca4e4830bee	62352	955314	8320	32224	29840	1	101091	35136
84.56	23341ca4e4830bee	62352	955505	8320	32224	29840	1	101081	35136
84.56	23341ca4e4830bee	62352	955696	8320	32224	29840	1	101087	35136
84.74	23341ca4e4830bee	62352	955888	8320	32304	29856	0	101095	35136
84.56	23341ca4e4830bee	62352	956069	8320	32304	29856	0	101093	35136
84.56	23341ca4e4830bee	62352	956260	8320	32304	29856	0	101087	35136
84.56	23341ca4e4830bee	62336	956451	8320	32256	29808	0	101087	35136
84.56	23341ca4e4830bee	62336	956642	8320	32256	29808	1	101081	35136
84.56	23341ca4e4830bee	62336	956833	8320	32256	29808	1	101091	35136
84.56	23341ca4e4830bee	62336	957024	8320	32256	29808	1	101099	35136
84.56	23341ca4e4830bee	63632	957216	8320	32240	29776	1	101087	35152
84.56	23341ca4e4830bee	63632	957407	8320	32240	29776	1	101087	35152
84.56	23341ca4e4830bee	63632	957598	8320	32240	29776	0	101081	35152
84.56	23341ca4e4830bee	63632	957789	8320	32240	29776	0	101087	35152
84.56	23341ca4e4830bee	63712	958022	8320	32288	29792	1	101075	35184
84.56	23341ca4e4830bee	63712	958213	8320	32288	29792	1	101075	35184
84.74	23341ca4e4830bee	63712	958404	8320	32288	29792	1	101095	35184
84.56	23341ca4e4830bee	63360	958595	8320	32288	29792	1	101075	35168
84.74	23341ca4e4830bee	63360	958786	8320	32240	29808	1	101099	35168
84.74	23341ca4e4830bee	63360	958977	8320	32240	29808	1	101099	35168
84.56	23341ca4e4830bee	63360	959168	8320	32240	29808	1	101091	35168
84.56	23341ca4e4830bee	64288	959360	8320	32240	29808	1	101087	35184
84.56	23341ca4e4830bee	64288	959551	8320	32240	29808	1	101087	35184
84.56	23341ca4e4830bee	64288	959742	8320	32240	29808	0	101099	35184
84.56	23341ca4e4830bee	64288	959933	8320	32240	29808	1	101087	35184
84.56	23341ca4e4830bee	64448	960125	8320	32272	29824	1	101087	35136
84.56	23341ca4e4830bee	64448	960316	8320	32272	29824	1	101087	35136
84.56	23341ca4e4830bee	64448	960507	8320	32272	29824	1	101093	35136
84.56	23341ca4e4830bee	64448	960698	8192	32272	29824	1	101085	35136
84.74	23341ca4e4830bee	64400	960879	8192	32272	29808	1	101103	35152
84.74	23341ca4e4830bee	64400	961070	8192	32272	29808	1	101101	35152
84.74	23341ca4e4830bee	64400	961262	8192	32272	29808	1	101103	35152
84.74	23341ca4e4830bee	64400	961463	8320	32272	29808	1	101089	35152
84.74	23341ca4e4830bee	63248	961654	8320	32272	29840	1	101095	35152
84.74	23341ca4e4830bee	63248	961883	8320	32272	29840	1	101093	35152
84.74	23341ca4e4830bee	63248	962083	8320	32272	29840	1	101095	35152
84.74	23341ca4e4830bee	63120	962275	8320	32256	29776	0	101093	35200
84.74	23341ca4e4830bee	63120	962466	8320	32256	29776	1	101103	35200
84.74	23341ca4e4830bee	63120	962657	8320	32256	29776	1	101081	35200
84.74	23341ca4e4830bee	63120	962848	8320	32256	29776	1	101087	35200
84.74	23341ca4e4830bee	63008	963039	8320	32256	29824	1	101093	35200
84.74	23341ca4e4830bee	63008	963234	8320	32256	29824	1	101095	35200
84.74	23341ca4e4830bee	63008	963425	8320	32256	29824	0	101095	35200
84.74	23341ca4e4830bee	63008	963616	8320	32256	29824	1	101083	35200
84.74	23341ca4e4830bee	62992	963807	8320	32240	29776	0	101101	35200
84.74	23341ca4e4830bee	62992	963999	8320	32240	29776	0	101093	35200
84.74	23341ca4e4830bee	62992	964180	8320	32240	29776	0	101099	35200
84.74	23341ca4e4830bee	62992	964371	8320	32240	29776	0	101089	35120
84.74	23341ca4e4830bee	62992	964562	8320	32272	29808	0	101089	35120
84.74	23341ca4e4830bee	62992	964753	8320	32272	29808	0	101091	35120
84.74	23341ca4e4830bee	62992	964944	8320	32272	29808	0	101087	35120
84.74	23341ca4e4830bee	62992	965136	8320	32256	29808	0	101091	35184
84.74	23341ca4e4830bee	62992	965327	8320	32256	29808	0	101089	35184
84.74	23341ca4e4830bee	62992	965518	8320	32256	29808	0	101093	35184
84.74	23341ca4e4830bee	62992	965749	8320	32256	29808	0	101091	35184
84.74	23341ca4e4830bee	62976	965930	8320	32288	29808	0	101099	35168
84.74	23341ca4e4830bee	62976	966121	8320	32288	29808	0	101089	35168
84.74	23341ca4e4830bee	62976	966312	8320	32288	29808	0	101083	35168
84.74	23341ca4e4830bee	62976	966503	8320	32288	29808	0	101089	35168
84.74	23341ca4e4830bee	62976	966694	8320	32272	29776	0	101093	35072
84.74	23341ca4e4830bee	62976	966885	8320	32272	29776	0	101089	35072
84.74	23341ca4e4830bee	62976	967076	8320	32272	29776	0	101101	35072
84.74	23341ca4e4830bee	62976	967267	8320	32272	29776	0	101091	35168
84.74	23341ca4e4830bee	62976	967458	8320	32256	29808	0	101089	35168
84.74	23341ca4e4830bee	62976	967650	8320	32256	29808	0	101099	35168
84.74	23341ca4e4830bee	62976	967841	8320	32256	29808	0	101089	35168
84.74	23341ca4e4830bee	62976	968032	8320	32288	29792	0	101093	35200
84.74	23341ca4e4830bee	62976	968223	8320	32288	29792	0	101101	35200
84.74	23341ca4e4830bee	62976	968414	8320	32288	29792	0	101089	35200
84.74	23341ca4e4830bee	62976	968605	8320	32288	29792	0	101085	35200
84.74	23341ca4e4830bee	62976	968806	8320	32256	29792	0	101087	35200
84.74	23341ca4e4830bee	62976	968998	8320	32256	29792	0	101091	35200
84.74	23341ca4e4830bee	62976	969189	8320	32256	29792	0	101085	35200
84.74	23341ca4e4830bee	62976	969370	8320	32256	29792	0	101093	35200
84.74	23341ca4e4830bee	62976	969610	8320	32288	29808	0	101101	35168
84.74	23341ca4e4830bee	62976	969801	8320	32288	29808	0	101091	35168
84.74	23341ca4e4830bee	62976	969992	8320	32288	29808	0	101091	35168
84.74	23341ca4e4830bee	62976	970187	8192	32240	29808	0	101091	35168
84.74	23341ca4e4830bee	62976	970378	8192	32240	29808	0	101093	35168
84.74	23341ca4e4830bee	62976	970569	8192	32240	29808	0	101087	35168
84.74	23341ca4e4830bee	62976	970750	8192	32240	29808	0	101089	35168
84.74	23341ca4e4830bee	62976	970941	8320	32304	29792	0	101093	35168
84.74	23341ca4e4830bee	62976	971133	8320	32304	29792	0	101087	35168
84.74	23341ca4e4830bee	62976	971324	8320	32304	29792	0	101085	35168
84.74	23341ca4e4830bee	62976	971515	8320	32304	29792	0	101087	35168
84.74	23341ca4e4830bee	62976	971718	8192	32256	29840	0	101091	35152
84.74	23341ca4e4830bee	62976	971909	8192	32256	29840	0	101095	35152
84.74	23341ca4e4830bee	62976	972090	8192	32256	29840	0	101091	35152
84.74	23341ca4e4830bee	62976	972281	8320	32256	29840	0	101089	35152
84.74	23341ca4e4830bee	62976	972479	8320	32272	29760	0	101091	35152
84.74	23341ca4e4830bee	62976	972670	8320	32272	29760	0	101089	35152
84.74	23341ca4e4830bee	62976	972861	8320	32272	29760	0	101089	35152
84.74	23341ca4e4830bee	62976	973053	8320	32304	29760	0	101093	35120
84.74	23341ca4e4830bee	62976	973244	8320	32304	29776	0	101105	35120
84.74	23341ca4e4830bee	62976	973458	8320	32304	29776	0	101093	35120
84.74	23341ca4e4830bee	62976	973649	8320	32304	29776	0	101093	35120
84.74	23341ca4e4830bee	62976	973840	8320	32256	29808	0	101087	35184
84.74	23341ca4e4830bee	62976	974021	8320	32256	29808	0	101089	35184
84.74	23341ca4e4830bee	62976	974212	8320	32256	29808	0	101091	35184
84.74	23341ca4e4830bee	62976	974403	8320	32256	29808	0	101085	35184
84.74	23341ca4e4830bee	62976	974594	8320	32272	29808	0	101087	35152
84.74	23341ca4e4830bee	62976	974785	8320	32272	29808	0	101091	35152
84.74	23341ca4e4830bee	62976	974976	8320	32272	29808	0	101099	35152
84.74	23341ca4e4830bee	62976	975167	8320	32272	29808	0	101093	35152
84.74	23341ca4e4830bee	62976	975359	8320	32288	29792	0	101099	35168
84.74	23341ca4e4830bee	62976	975550	8320	32288	29792	0	101089	35168
84.74	23341ca4e4830bee	62976	975731	8320	32288	29792	0	101101	35168
84.74	23341ca4e4830bee	62976	975922	8320	32288	29792	0	101087	35184
84.74	23341ca4e4830bee	62976	976113	8320	32256	29824	0	101091	35184
84.74	23341ca4e4830bee	62976	976305	8320	32256	29824	0	101089	35184
84.74	23341ca4e4830bee	62976	976496	8320	32256	29824	0	101089	35184
84.74	23341ca4e4830bee	62976	976687	8320	32256	29808	0	101087	35168
84.74	23341ca4e4830bee	62976	976878	8320	32256	29808	0	101095	35168
84.74	23341ca4e4830bee	62976	977070	8320	32256	29808	0	101089	35168
84.74	23341ca4e4830bee	62976	977302	8320	32256	29808	0	101089	35168
84.74	23341ca4e4830bee	62976	977493	8320	32240	29776	0	101095	35200
84.74	23341ca4e4830bee	62976	977684	8320	32240	29776	0	101089	35200
84.74	23341ca4e4830bee	62976	977875	8320	32240	29776	0	101101	35200
84.74	23341ca4e4830bee	62976	978066	8320	32240	29776	0	101101	35200
84.74	23341ca4e4830bee	62976	978257	8320	32208	29792	0	101085	35152
84.74	23341ca4e4830bee	62976	978448	8320	32208	29792	0	101093	35152
84.74	23341ca4e4830bee	62976	978639	8320	32208	29792	0	101093	35152
84.74	23341ca4e4830bee	62960	978830	8320	32208	29792	0	101093	35168
84.74	23341ca4e4830bee	62960	979011	8320	32256	29808	0	101083	35168
84.74	23341ca4e4830bee	62960	979202	8320	32256	29808	0	101083	35168
84.74	23341ca4e4830bee	62960	979394	8320	32256	29808	0	101089	35168
84.74	23341ca4e4830bee	62960	979585	8320	32288	29792	0	101093	35136
84.74	23341ca4e4830bee	62960	979776	8320	32288	29792	0	101085	35136
84.74	23341ca4e4830bee	62960	979967	8320	32288	29792	0	101087	35136
84.74	23341ca4e4830bee	62960	980158	8320	32288	29792	0	101093	35136
84.74	23341ca4e4830bee	62976	980349	8192	32256	29792	0	101095	35168
84.74	23341ca4e4830bee	62976	980541	8192	32256	29792	0	101091	35168
84.74	23341ca4e4830bee	62976	980732	8192	32256	29792	0	101083	35168
84.74	23341ca4e4830bee	62976	980923	8192	32256	29792	0	101101	35168
84.74	23341ca4e4830bee	62960	981166	8320	32240	29824	0	101083	35184
84.74	23341ca4e4830bee	62960	981357	8320	32240	29824	0	101089	35184
84.74	23341ca4e4830bee	62960	981549	8320	32240	29824	0	101085	35184
84.74	23341ca4e4830bee	62976	981740	8320	32256	29792	0	101085	35200
84.74	23341ca4e4830bee	62976	981931	8320	32256	29792	0	101091	35200
84.74	23341ca4e4830bee	62976	982122	8320	32256	29792	0	101091	35200
84.74	23341ca4e4830bee	62976	982313	8320	32256	29792	0	101093	35200
84.74	23341ca4e4830bee	62976	982504	8320	32240	29792	0	101079	35152
84.74	23341ca4e4830bee	62976	982695	8320	32240	29792	0	101083	35152
84.74	23341ca4e4830bee	62976	982887	8320	32240	29792	0	101105	35152
84.74	23341ca4e4830bee	62976	983078	8320	32240	29792	0	101093	35152
84.74	23341ca4e4830bee	62976	983269	8320	32240	29792	0	101093	35152
84.74	23341ca4e4830bee	62976	983460	8320	32240	29792	0	101095	35152
84.74	23341ca4e4830bee	62976	983651	8320	32240	29792	0	101089	35152
84.74	23341ca4e4830bee	62976	983842	8320	32240	29792	0	101093	35152
84.74	23341ca4e4830bee	62976	984033	8320	32272	29760	0	101083	35168
84.74	23341ca4e4830bee	62976	984232	8320	32272	29760	0	101091	35168
84.74	23341ca4e4830bee	62976	984423	8320	32272	29760	0	101093	35168
84.74	23341ca4e4830bee	62976	984614	8192	32256	29760	0	101087	35120
84.74	23341ca4e4830bee	62976	984806	8192	32256	29808	0	101089	35120
84.74	23341ca4e4830bee	62976	985044	8192	32256	29808	0	101081	35120
84.74	23341ca4e4830bee	62976	985235	8192	32256	29808	0	101093	35120
84.74	23341ca4e4830bee	62976	985426	8320	32288	29808	0	101085	35184
84.74	23341ca4e4830bee	62976	985617	8320	32288	29808	0	101095	35184
84.74	23341ca4e4830bee	62976	985808	8320	32288	29808	0	101091	35184
84.74	23341ca4e4830bee	62976	985999	8320	32288	29808	0	101089	35184
84.74	23341ca4e4830bee	62960	986190	8320	32240	29808	0	101093	35184
84.74	23341ca4e4830bee	62960	986381	8320	32240	29808	0	101093	35184
84.74	23341ca4e4830bee	62960	986562	8320	32240	29808	0	101087	35184
84.74	23341ca4e4830bee	62960	986753	8320	32240	29808	0	101089	35088
84.74	23341ca4e4830bee	62960	986944	8320	32256	29840	0	101089	35088
84.74	23341ca4e4830bee	62960	987136	8320	32256	29840	0	101089	35088
84.74	23341ca4e4830bee	62960	987327	8320	32256	29840	0	101087	35088
84.74	23341ca4e4830bee	62960	987518	8320	32304	29792	0	101093	35152
84.74	23341ca4e4830bee	62960	987709	8320	32304	29792	0	101093	35152
84.74	23341ca4e4830bee	62960	987900	8320	32304	29792	0	101087	35152
84.74	23341ca4e4830bee	62960	988091	8320	32304	29792	0	101089	35152
84.74	23341ca4e4830bee	62960	988283	8192	32272	29792	0	101085	35136
84.74	23341ca4e4830bee	62960	988474	8192	32272	29792	0	101103	35136
84.74	23341ca4e4830bee	62960	988665	8192	32272	29792	0	101083	35136
84.74	23341ca4e4830bee	62960	988909	8320	32272	29792	0	101089	35136
84.74	23341ca4e4830bee	62960	989100	8320	32288	29776	0	101087	35152
84.74	23341ca4e4830bee	62960	989291	8320	32288	29776	0	101091	35152
84.74	23341ca4e4830bee	62960	989482	8320	32288	29776	0	101089	35152
84.74	23341ca4e4830bee	62976	989673	8192	32272	29776	0	101093	35152
84.74	23341ca4e4830bee	62976	989864	8192	32272	29808	0	101085	35152
84.74	23341ca4e4830bee	62976	990055	8192	32272	29808	0	101091	35152
84.74	23341ca4e4830bee	62976	990266	8192	32272	29808	0	101105	35152
84.74	23341ca4e4830bee	62976	990457	8320	32240	29776	0	101093	35152
84.74	23341ca4e4830bee	62976	990648	8320	32240	29776	0	101091	35152
84.74	23341ca4e4830bee	62976	990839	8320	32240	29776	0	101085	35152
84.74	23341ca4e4830bee	62976	991030	8320	32240	29776	0	101089	35152
84.74	23341ca4e4830bee	62960	991229	8320	32256	29808	0	101093	35168
84.74	23341ca4e4830bee	62960	991420	8320	32256	29808	0	101089	35168
84.74	23341ca4e4830bee	62960	991611	8320	32256	29808	0	101093	35168
84.74	23341ca4e4830bee	62960	991793	8320	32256	29808	0	101091	35168
84.74	23341ca4e4830bee	62960	991990	8320	32256	29792	0	101099	35184
84.74	23341ca4e4830bee	62960	992181	8320	32256	29792	0	101089	35184
84.74	23341ca4e4830bee	62960	992372	8320	32256	29792	0	101091	35184
84.74	23341ca4e4830bee	62960	992564	8192	32256	29792	0	101101	35184
84.74	23341ca4e4830bee	62960	992793	8192	32256	29776	0	101091	35184
84.74	23341ca4e4830bee	62960	992984	8192	32256	29776	0	101087	35184
84.74	23341ca4e4830bee	62960	993176	8192	32256	29776	0	101083	35184
84.74	23341ca4e4830bee	62960	993367	8320	32272	29824	0	101089	35136
84.74	23341ca4e4830bee	62960	993558	8320	32272	29824	0	101099	35136
84.74	23341ca4e4830bee	62960	993749	8320	32272	29824	0	101093	35136
84.74	23341ca4e4830bee	62960	993940	8192	32272	29824	0	101093	35136
84.74	23341ca4e4830bee	62960	994131	8192	32304	29792	0	101089	35152
84.74	23341ca4e4830bee	62960	994322	8192	32304	29792	0	101089	35152
84.74	23341ca4e4830bee	62960	994503	8192	32304	29792	0	101083	35152
84.74	23341ca4e4830bee	62960	994694	8192	32304	29792	0	101083	35184
84.74	23341ca4e4830bee	62976	994885	8192	32224	29808	0	101089	35184
84.74	23341ca4e4830bee	62976	995077	8192	32224	29808	0	101089	35184
84.74	23341ca4e4830bee	62976	995268	8192	32224	29808	0	101105	35184
84.74	23341ca4e4830bee	62960	995459	8320	32256	29808	0	101089	35152
84.74	23341ca4e4830bee	62960	995661	8320	32256	29824	0	101089	35152
84.74	23341ca4e4830bee	62960	995852	8320	32256	29824	0	101083	35152
84.74	23341ca4e4830bee	62960	996033	8320	32256	29824	0	101091	35152
84.74	23341ca4e4830bee	62960	996225	8320	32272	29824	0	101087	35184
84.74	23341ca4e4830bee	62960	996416	8320	32272	29824	0	101083	35184
84.74	23341ca4e4830bee	62960	996655	8320	32272	29824	0	101099	35184
84.74	23341ca4e4830bee	62960	996846	8320	32272	29824	0	101093	35184
84.74	23341ca4e4830bee	62960	997037	8320	32288	29808	0	101091	35168
84.74	23341ca4e4830bee	62960	997228	8320	32288	29808	0	101093	35168
84.74	23341ca4e4830bee	62960	997419	8320	32288	29808	0	101089	35168
84.74	23341ca4e4830bee	62960	997611	8192	32288	29808	0	101091	35104
84.74	23341ca4e4830bee	62960	997802	8192	32272	29776	0	101105	35104
84.74	23341ca4e4830bee	62960	997993	8192	32272	29776	0	101093	35104
84.74	23341ca4e4830bee	62960	998184	8192	32272	29776	0	101081	35104
84.74	23341ca4e4830bee	62960	998375	8320	32304	29824	0	101093	35184
84.74	23341ca4e4830bee	62960	998566	8320	32304	29824	0	101089	35184
84.74	23341ca4e4830bee	62960	998758	8320	32304	29824	0	101093	35184
84.74	23341ca4e4830bee	62960	998949	8320	32304	29824	0	101077	35184
84.74	23341ca4e4830bee	62960	999140	8320	32240	29808	0	101089	35136
84.74	23341ca4e4830bee	62960	999331	8320	32240	29808	0	101101	35136
84.74	23341ca4e4830bee	62960	999522	8320	32240	29808	0	101101	35136
84.74	23341ca4e4830bee	62960	999704	8320	32240	29808	0	101093	35136
84.74	23341ca4e4830bee	62960	999895	8320	32288	29776	0	101087	35152
84.74	23341ca4e4830bee	62960	1000086	8320	32288	29776	0	101089	35152
84.74	23341ca4e4830bee	62960	1000277	8320	32288	29776	0	101085	35152
84.74	23341ca4e4830bee	62960	1000506	8320	32288	29776	0	101091	35152
84.74	23341ca4e4830bee	62960	1000697	8320	32256	29792	0	101095	35152
84.74	23341ca4e4830bee	62960	1000888	8320	32256	29792	0	101101	35152
84.74	23341ca4e4830bee	62960	1001079	8320	32256	29792	0	101083	35152
84.74	23341ca4e4830bee	62960	1001270	8320	32288	29776	0	101087	35152
84.74	23341ca4e4830bee	62960	1001461	8320	32288	29776	0	101089	35152
84.74	23341ca4e4830bee	62960	1001652	8320	32288	29776	0	101093	35152
84.74	23341ca4e4830bee	62960	1001843	8320	32288	29776	0	101093	35152
84.74	23341ca4e4830bee	62960	1002024	8320	32256	29776	0	101093	35152
84.74	23341ca4e4830bee	62960	1002215	8320	32256	29776	0	101095	35152
84.74	23341ca4e4830bee	62960	1002406	8320	32256	29776	0	101089	35152
84.74	23341ca4e4830bee	62960	1002598	8320	32256	29776	0	101087	35152
84.74	23341ca4e4830bee	62960	1002789	8192	32272	29824	0	101083	35104
84.74	23341ca4e4830bee	62960	1002980	8192	32272	29824	0	101093	35104
84.74	23341ca4e4830bee	62960	1003171	8192	32272	29824	0	101093	35104
84.74	23341ca4e4830bee	62960	1003362	8320	32272	29824	0	101099	35104
84.74	23341ca4e4830bee	62976	1003554	8320	32272	29824	0	101101	35104
84.74	23341ca4e4830bee	62976	1003745	8320	32272	29824	0	101093	35104
84.74	23341ca4e4830bee	62976	1003936	8320	32272	29824	0	101099	35104
84.74	23341ca4e4830bee	62960	1004127	8320	32256	29824	0	101101	35120
84.74	23341ca4e4830bee	62960	1004371	8320	32256	29824	0	101089	35120
84.74	23341ca4e4830bee	62960	1004562	8320	32256	29824	0	101085	35120
84.74	23341ca4e4830bee	62960	1004753	8320	32256	29824	0	101091	35120
84.74	23341ca4e4830bee	62960	1004934	8320	32288	29808	0	101089	35200
84.74	23341ca4e4830bee	62960	1005126	8320	32288	29808	0	101089	35200
84.74	23341ca4e4830bee	62960	1005317	8320	32288	29808	0	101091	35200
84.74	23341ca4e4830bee	62960	1005508	8192	32288	29808	0	101085	35200
84.74	23341ca4e4830bee	62960	1005699	8192	32272	29808	0	101093	35216
84.74	23341ca4e4830bee	62960	1005890	8192	32272	29808	0	101093	35216
84.74	23341ca4e4830bee	62960	1006081	8192	32272	29808	0	101099	35216
84.74	23341ca4e4830bee	62960	1006273	8320	32272	29808	0	101093	35072
84.74	23341ca4e4830bee	62960	1006464	8320	32256	29808	0	101093	35072
84.74	23341ca4e4830bee	62960	1006645	8320	32256	29808	0	101091	35072
84.74	23341ca4e4830bee	62960	1006836	8320	32256	29808	0	101083	35072
84.74	23341ca4e4830bee	62960	1007027	8320	32272	29824	0	101087	35104
84.74	23341ca4e4830bee	62960	1007228	8320	32272	29824	0	101087	35104
84.74	23341ca4e4830bee	62960	1007419	8320	32272	29824	0	101085	35104
84.74	23341ca4e4830bee	62960	1007611	8320	32272	29824	0	101087	35104
84.74	23341ca4e4830bee	62960	1007802	8192	32272	29776	0	101087	35200
84.74	23341ca4e4830bee	62960	1007994	8192	32272	29776	0	101091	35200
84.74	23341ca4e4830bee	62960	1008238	8192	32272	29776	0	101099	35200
84.74	23341ca4e4830bee	62960	1008429	8320	32272	29776	0	101091	35120
84.74	23341ca4e4830bee	62960	1008620	8320	32256	29824	0	101093	35120
84.74	23341ca4e4830bee	62960	1008811	8320	32256	29824	0	101085	35120
84.74	23341ca4e4830bee	62960	1009002	8320	32256	29824	0	101093	35120
84.74	23341ca4e4830bee	62960	1009193	8320	32256	29760	0	101093	35184
84.74	23341ca4e4830bee	62960	1009384	8320	32256	29760	0	101087	35184
84.74	23341ca4e4830bee	62960	1009565	8320	32256	29760	0	101087	35184
84.74	23341ca4e4830bee	62960	1009756	8320	32256	29760	0	101085	35184
84.74	23341ca4e4830bee	62960	1009947	8320	32256	29808	0	101093	35120
84.74	23341ca4e4830bee	62960	1010139	8320	32256	29808	0	101085	35120
84.74	23341ca4e4830bee	62960	1010330	8320	32256	29808	0	101091	35120
84.74	23341ca4e4830bee	62960	1010521	8320	32256	29808	0	101087	35120
84.74	23341ca4e4830bee	62960	1010712	8320	32240	29776	0	101089	35184
84.74	23341ca4e4830bee	62960	1010903	8320	32240	29776	0	101089	35184
84.74	23341ca4e4830bee	62960	1011094	8320	32240	29776	0	101079	35184
84.74	23341ca4e4830bee	62960	1011286	8192	32240	29776	0	101085	35184
84.74	23341ca4e4830bee	62960	1011477	8192	32288	29808	0	101083	35152
84.74	23341ca4e4830bee	62960	1011668	8192	32288	29808	0	101093	35152
84.74	23341ca4e4830bee	62960	1011859	8192	32288	29808	0	101095	35152
84.74	23341ca4e4830bee	62960	1012089	8320	32240	29792	0	101095	35120
84.74	23341ca4e4830bee	62960	1012280	8320	32240	29792	0	101089	35120
84.74	23341ca4e4830bee	62960	1012472	8320	32240	29792	0	101091	35120
84.74	23341ca4e4830bee	62960	1012663	8320	32240	29792	0	101085	35120
84.74	23341ca4e4830bee	62960	1012854	8192	32256	29776	0	101093	35168
84.74	23341ca4e4830bee	62960	1013045	8192	32256	29776	0	101089	35168
84.74	23341ca4e4830bee	62960	1013236	8192	32256	29776	0	101089	35168
84.74	23341ca4e4830bee	62960	1013427	8192	32256	29776	0	101089	35168
84.74	23341ca4e4830bee	62960	1013618	8320	32304	29840	0	101091	35152
84.74	23341ca4e4830bee	62960	1013809	8320	32304	29840	0	101093	35152
84.74	23341ca4e4830bee	62960	1014000	8320	32304	29840	0	101091	35152
84.74	23341ca4e4830bee	62960	1014191	8320	32304	29840	0	101091	35152
84.74	23341ca4e4830bee	62960	1014383	8320	32256	29840	0	101079	35136
84.74	23341ca4e4830bee	62960	1014574	8320	32256	29840	0	101101	35136
84.74	23341ca4e4830bee	62960	1014765	8320	32256	29840	0	101101	35136
84.74	23341ca4e4830bee	62960	1014956	8320	32256	29840	0	101093	35120
84.74	23341ca4e4830bee	62960	1015147	8320	32256	29808	0	101085	35120
84.74	23341ca4e4830bee	62960	1015338	8320	32256	29808	0	101091	35120
84.74	23341ca4e4830bee	62960	1015530	8320	32256	29808	0	101101	35120
84.74	23341ca4e4830bee	62960	1015721	8320	32272	29792	0	101099	35168
84.74	23341ca4e4830bee	62960	1015964	8320	32272	29792	0	101089	35168
84.74	23341ca4e4830bee	62960	1016155	8320	32272	29792	0	101093	35168
84.74	23341ca4e4830bee	62960	1016336	8320	32272	29792	0	101093	35168
84.74	23341ca4e4830bee	62960	1016527	8320	32272	29760	0	101087	35104
84.74	23341ca4e4830bee	62960	1016718	8320	32272	29760	0	101095	35104
84.74	23341ca4e4830bee	62960	1016909	8320	32272	29760	0	101099	35104
84.74	23341ca4e4830bee	62960	1017100	8320	32272	29760	0	101089	35184
84.74	23341ca4e4830bee	62960	1017291	8320	32256	29808	0	101093	35184
84.74	23341ca4e4830bee	62960	1017482	8320	32256	29808	0	101085	35184
84.74	23341ca4e4830bee	62960	1017674	8320	32256	29808	0	101089	35184
84.74	23341ca4e4830bee	62960	1017865	8192	32256	29792	0	101101	35168
84.74	23341ca4e4830bee	62960	1018046	8192	32256	29792	0	101087	35168
84.56	23341ca4e4830bee	62960	1018237	8192	32256	29792	0	101087	35168
84.74	23341ca4e4830bee	62960	1018438	8192	32256	29792	0	101093	35168
84.74	23341ca4e4830bee	62960	1018629	8192	32272	29808	0	101083	35200
84.74	23341ca4e4830bee	62960	1018821	8192	32272	29808	0	101101	35200
84.74	23341ca4e4830bee	62960	1019012	8192	32272	29808	0	101089	35200
84.74	23341ca4e4830bee	62960	1019203	8192	32272	29808	0	101087	35200
84.56	23341ca4e4830bee	62960	1019394	8320	32256	29840	0	101085	35168
84.56	23341ca4e4830bee	62960	1019575	8320	32256	29840	0	101091	35168
84.74	23341ca4e4830bee	62960	1019814	8320	32256	29840	0	101101	35168
84.74	23341ca4e4830bee	62976	1020005	8320	32256	29840	0	101101	35232
84.74	23341ca4e4830bee	62976	1020197	8320	32272	29792	0	101107	35232
84.74	23341ca4e4830bee	62976	1020388	8320	32272	29792	0	101089	35232
84.74	23341ca4e4830bee	62976	1020579	8320	32272	29792	0	101093	35232
84.74	23341ca4e4830bee	62960	1020770	8320	32240	29840	0	101095	35200
84.74	23341ca4e4830bee	62960	1020961	8320	32240	29840	0	101087	35200
84.74	23341ca4e4830bee	62960	1021152	8320	32240	29840	0	101089	35200
84.74	23341ca4e4830bee	62960	1021343	8320	32240	29840	0	101089	35200
84.74	23341ca4e4830bee	62960	1021534	8192	32272	29808	0	101087	35088
84.74	23341ca4e4830bee	62960	1021725	8192	32272	29808	0	101093	35088
84.74	23341ca4e4830bee	62960	1021906	8192	32272	29808	0	101091	35088
84.74	23341ca4e4830bee	62960	1022098	8192	32272	29808	0	101093	35088
84.74	23341ca4e4830bee	62960	1022289	8320	32256	29808	0	101085	35120
84.56	23341ca4e4830bee	62960	1022480	8320	32256	29808	0	101077	35120
84.56	23341ca4e4830bee	62960	1022671	8320	32256	29808	0	101077	35120
84.74	23341ca4e4830bee	62960	1022862	8192	32256	29808	0	101101	35120
84.56	23341ca4e4830bee	62960	1023054	8192	32288	29792	0	101085	35184
84.56	23341ca4e4830bee	62960	1023245	8192	32288	29792	0	101075	35184
84.56	23341ca4e4830bee	62960	1023426	8192	32288	29792	0	101085	35184
84.56	23341ca4e4830bee	62960	1023657	8320	32288	29792	0	101091	35120
84.56	23341ca4e4830bee	62960	1023848	8320	32288	29792	0	101085	35120
84.74	23341ca4e4830bee	62960	1024039	8320	32288	29792	0	101085	35120
84.56	23341ca4e4830bee	62960	1024230	8320	32288	29792	0	101073	35120
84.56	23341ca4e4830bee	62976	1024421	8192	32256	29760	0	101085	35216
84.56	23341ca4e4830bee	62976	1024613	8192	32256	29760	0	101087	35216
84.56	23341ca4e4830bee	62976	1024804	8192	32256	29760	0	101085	35216
84.56	23341ca4e4830bee	62976	1024995	8192	32256	29760	0	101087	35216
84.74	23341ca4e4830bee	62960	1025176	8320	32272	29808	0	101093	35120
84.56	23341ca4e4830bee	62960	1025367	8320	32272	29808	0	101085	35120
84.56	23341ca4e4830bee	62960	1025559	8320	32272	29808	0	101087	35120
84.74	23341ca4e4830bee	62960	1025750	8320	32272	29808	0	101085	35120
84.56	23341ca4e4830bee	62960	1025941	8320	32240	29792	0	101085	35056
84.74	23341ca4e4830bee	62960	1026132	8320	32240	29792	0	101085	35056
84.74	23341ca4e4830bee	62960	1026323	8320	32240	29792	0	101091	35056
84.74	23341ca4e4830bee	62960	1026514	8320	32240	29792	0	101087	35216
84.74	23341ca4e4830bee	62960	1026706	8320	32288	29808	0	101093	35216
84.56	23341ca4e4830bee	62960	1026887	8320	32288	29808	0	101081	35216
84.74	23341ca4e4830bee	62960	1027078	8320	32288	29808	0	101083	35216
84.74	23341ca4e4830bee	62960	1027269	8320	32272	29808	0	101089	35120
84.74	23341ca4e4830bee	62960	1027508	8320	32272	29808	0	101093	35120
84.74	23341ca4e4830bee	62960	1027700	8320	32272	29808	0	101089	35120
84.74	23341ca4e4830bee	62960	1027891	8192	32272	29808	0	101087	35120
84.74	23341ca4e4830bee	62960	1028082	8192	32304	29808	0	101087	35120
84.74	23341ca4e4830bee	62960	1028273	8192	32304	29808	0	101089	35120
84.74	23341ca4e4830bee	62960	1028464	8192	32304	29808	0	101087	35120
84.74	23341ca4e4830bee	62960	1028655	8320	32304	29808	0	101093	35136
84.74	23341ca4e4830bee	62960	1028846	8320	32304	29808	0	101093	35136
84.74	23341ca4e4830bee	62960	1029027	8320	32304	29808	0	101087	35136
84.74	23341ca4e4830bee	62960	1029218	8320	32304	29808	0	101087	35136
84.74	23341ca4e4830bee	62960	1029409	8320	32256	29808	0	101087	35184
84.74	23341ca4e4830bee	62960	1029600	8320	32256	29840	0	101087	35184
84.74	23341ca4e4830bee	62960	1029792	8320	32256	29840	0	101089	35184
84.74	23341ca4e4830bee	62960	1029983	8320	32256	29840	0	101087	35184
84.74	23341ca4e4830bee	62960	1030174	8320	32288	29792	0	101095	35152
84.74	23341ca4e4830bee	62960	1030365	8320	32288	29792	0	101089	35152
84.74	23341ca4e4830bee	62960	1030557	8320	32288	29792	0	101095	35152
84.74	23341ca4e4830bee	62960	1030748	8320	32288	29792	0	101087	35152
84.74	23341ca4e4830bee	62960	1030939	8320	32256	29776	0	101077	35152
84.74	23341ca4e4830bee	62960	1031130	8320	32256	29776	0	101089	35152
84.74	23341ca4e4830bee	62960	1031369	8320	32256	29776	0	101101	35152
84.74	23341ca4e4830bee	62960	1031560	8320	32256	29776	0	101087	35184
84.74	23341ca4e4830bee	62960	1031751	8320	32288	29808	0	101089	35184
84.74	23341ca4e4830bee	62960	1031942	8320	32288	29808	0	101089	35184
84.74	23341ca4e4830bee	62960	1032133	8320	32288	29808	0	101089	35184
84.74	23341ca4e4830bee	62960	1032324	8320	32256	29792	0	101083	35152
84.74	23341ca4e4830bee	62960	1032515	8320	32256	29792	0	101087	35152
84.74	23341ca4e4830bee	62960	1032706	8320	32256	29792	0	101089	35152
84.74	23341ca4e4830bee	62960	1032887	8320	32256	29792	0	101087	35152
84.74	23341ca4e4830bee	62960	1033078	8192	32256	29792	0	101093	35104
84.74	23341ca4e4830bee	62960	1033270	8192	32256	29792	0	101083	35104
84.74	23341ca4e4830bee	62960	1033461	8192	32256	29792	0	101099	35104
84.74	23341ca4e4830bee	62960	1033652	8192	32256	29792	0	101087	35104
84.74	23341ca4e4830bee	62960	1033843	8192	32288	29824	0	101081	35120
84.74	23341ca4e4830bee	62960	1034034	8192	32288	29824	0	101099	35120
84.74	23341ca4e4830bee	62960	1034234	8192	32288	29824	0	101087	35120
84.74	23341ca4e4830bee	62960	1034426	8320	32288	29824	0	101081	35184
84.74	23341ca4e4830bee	62960	1034617	8320	32272	29824	0	101075	35184
84.74	23341ca4e4830bee	62960	1034809	8320	32272	29824	0	101089	35184
84.74	23341ca4e4830bee	62960	1035000	8320	32272	29824	0	101095	35184
84.74	23341ca4e4830bee	62960	1035242	8320	32272	29824	0	101089	35136
84.74	23341ca4e4830bee	62960	1035433	8320	32272	29824	0	101089	35136
84.74	23341ca4e4830bee	62960	1035624	8320	32272	29824	0	101091	35136
84.74	23341ca4e4830bee	62960	1035815	8320	32272	29824	0	101095	35136
84.74	23341ca4e4830bee	62960	1036007	8192	32288	29808	0	101093	35136
84.74	23341ca4e4830bee	62960	1036188	8192	32288	29808	0	101093	35136
84.74	23341ca4e4830bee	62960	1036379	8192	32288	29808	0	101089	35136
84.74	23341ca4e4830bee	62960	1036570	8192	32288	29808	0	101083	35136
84.74	23341ca4e4830bee	62960	1036761	8192	32256	29760	0	101081	35088
84.74	23341ca4e4830bee	62960	1036952	8192	32256	29760	0	101089	35088
84.74	23341ca4e4830bee	62960	1037143	8192	32256	29760	0	101095	35088
84.74	23341ca4e4830bee	62960	1037334	8320	32256	29760	0	101089	35120
84.74	23341ca4e4830bee	62960	1037525	8320	32272	29824	0	101093	35120
84.74	23341ca4e4830bee	62960	1037717	8320	32272	29824	0	101083	35120
84.74	23341ca4e4830bee	62960	1037898	8320	32272	29824	0	101087	35120
84.74	23341ca4e4830bee	62960	1038089	8320	32288	29808	0	101089	35136
84.74	23341ca4e4830bee	62960	1038280	8320	32288	29808	0	101093	35136
84.74	23341ca4e4830bee	62960	1038471	8320	32288	29808	0	101081	35136
84.74	23341ca4e4830bee	62960	1038663	8320	32288	29808	0	101091	35136
84.74	23341ca4e4830bee	62960	1038854	8320	32256	29792	0	101089	35200
84.74	23341ca4e4830bee	62960	1039084	8320	32256	29792	0	101087	35200
84.56	23341ca4e4830bee	62960	1039286	8320	32256	29792	0	101085	35200
84.56	23341ca4e4830bee	62960	1039477	8192	32256	29792	0	101085	35200
84.56	23341ca4e4830bee	62960	1039658	8192	32240	29776	0	101081	35216
84.56	23341ca4e4830bee	62960	1039849	8192	32240	29776	0	101079	35216
84.74	23341ca4e4830bee	62960	1040040	8192	32240	29776	0	101089	35216
84.56	23341ca4e4830bee	62960	1040232	8192	32240	29776	0	101087	35200
84.56	23341ca4e4830bee	62960	1040423	8192	32272	29792	0	101085	35200
84.56	23341ca4e4830bee	62960	1040614	8192	32272	29792	0	101091	35200
84.56	23341ca4e4830bee	62960	1040805	8192	32272	29792	0	101085	35200
84.56	23341ca4e4830bee	62960	1040996	8320	32272	29824	0	101087	35152
84.56	23341ca4e4830bee	62960	1041188	8320	32272	29824	0	101087	35152
84.56	23341ca4e4830bee	62960	1041379	8320	32272	29824	0	101093	35152
84.56	23341ca4e4830bee	62960	1041570	8320	32272	29824	0	101085	35152
84.56	23341ca4e4830bee	62960	1041761	8320	32288	29840	0	101079	35104
84.56	23341ca4e4830bee	62960	1041952	8320	32288	29840	0	101079	35104
84.74	23341ca4e4830bee	62960	1042143	8320	32288	29840	0	101091	35104
84.56	23341ca4e4830bee	62960	1042335	8320	32288	29840	0	101085	35104
84.56	23341ca4e4830bee	62960	1042526	8320	32272	29792	0	101081	35136
84.56	23341ca4e4830bee	62960	1042717	8320	32272	29792	0	101093	35136
84.56	23341ca4e4830bee	62960	1042947	8320	32272	29792	0	101087	35136
84.56	23341ca4e4830bee	62960	1043129	8320	32272	29792	0	101081	35136
84.56	23341ca4e4830bee	62960	1043320	8320	32256	29808	0	101075	35136
84.56	23341ca4e4830bee	62960	1043511	8320	32256	29808	0	101081	35136
84.74	23341ca4e4830bee	62960	1043702	8320	32256	29808	0	101095	35136
84.56	23341ca4e4830bee	62960	1043893	8192	32272	29776	0	101081	35184
84.56	23341ca4e4830bee	62960	1044084	8192	32272	29776	0	101085	35184
84.56	23341ca4e4830bee	62960	1044275	8192	32272	29776	0	101087	35184
84.56	23341ca4e4830bee	62960	1044466	8192	32272	29776	0	101081	35184
84.56	23341ca4e4830bee	62976	1044657	8320	32272	29808	0	101087	35216
84.56	23341ca4e4830bee	62976	1044838	8320	32272	29808	0	101075	35216
84.74	23341ca4e4830bee	62976	1045030	8320	32272	29808	0	101089	35216
84.56	23341ca4e4830bee	62976	1045221	8320	32272	29808	0	101087	35216
84.56	23341ca4e4830bee	62960	1045412	8192	32272	29792	0	101075	35120
84.74	23341ca4e4830bee	62960	1045603	8192	32272	29792	0	101091	35120
84.56	23341ca4e4830bee	62960	1045794	8192	32272	29792	0	101087	35120
84.56	23341ca4e4830bee	62960	1045985	8320	32272	29792	0	101079	35120
84.56	23341ca4e4830bee	62976	1046177	8320	32272	29792	0	101081	35120
84.56	23341ca4e4830bee	62976	1046368	8320	32272	29792	0	101087	35120
84.56	23341ca4e4830bee	62976	1046549	8320	32272	29792	0	101087	35120
84.56	23341ca4e4830bee	62976	1046786	8192	32272	29808	0	101091	35136
84.74	23341ca4e4830bee	62976	1046977	8192	32272	29808	0	101085	35136
84.56	23341ca4e4830bee	62976	1047168	8192	32272	29808	0	101085	35136
84.56	23341ca4e4830bee	62976	1047349	8192	32272	29808	0	101075	35136
84.56	23341ca4e4830bee	62976	1047540	8320	32272	29808	0	101081	35088
84.56	23341ca4e4830bee	62976	1047731	8320	32272	29808	0	101085	35088
84.56	23341ca4e4830bee	62976	1047922	8320	32272	29808	0	101079	35088
84.56	23341ca4e4830bee	62976	1048113	8320	32272	29808	0	101091	35088
84.56	23341ca4e4830bee	62960	1048305	8320	32272	29792	0	101093	35088
84.56	23341ca4e4830bee	62960	1048496	8320	32272	29792	0	101087	35088
84.56	23341ca4e4830bee	62960	1048687	8320	32272	29792	0	101081	35088
84.56	23341ca4e4830bee	62960	1048875	8192	32272	29792	0	101101	35232
84.56	23341ca4e4830bee	62976	1049070	8192	32256	29792	0	101081	35232
84.56	23341ca4e4830bee	62976	1049261	8192	32256	29792	0	101081	35232
84.56	23341ca4e4830bee	62976	1049452	8192	32256	29792	0	101085	35232
84.56	23341ca4e4830bee	62960	1049644	8320	32256	29792	0	101087	35184
84.56	23341ca4e4830bee	62960	1049835	8320	32256	29792	0	101091	35184
84.56	23341ca4e4830bee	62960	1050026	8320	32256	29792	0	101091	35184
84.56	23341ca4e4830bee	62960	1050217	8320	32256	29792	0	101085	35184
84.56	23341ca4e4830bee	62960	1050408	8320	32256	29792	0	101087	35184
84.56	23341ca4e4830bee	62960	1050647	8320	32256	29792	0	101085	35184
84.56	23341ca4e4830bee	62960	1050838	8320	32256	29792	0	101083	35184
84.56	23341ca4e4830bee	62960	1051019	8320	32256	29792	0	101087	35184
84.56	23341ca4e4830bee	62960	1051210	8320	32272	29776	0	101087	35120
84.56	23341ca4e4830bee	62960	1051401	8320	32272	29776	0	101087	35120
84.56	23341ca4e4830bee	62960	1051592	8320	32272	29776	0	101087	35120
84.56	23341ca4e4830bee	62960	1051783	8320	32272	29776	0	101075	35216
84.56	23341ca4e4830bee	62960	1051974	8320	32288	29808	0	101087	35216
84.56	23341ca4e4830bee	62960	1052165	8320	32288	29808	0	101091	35216
84.56	23341ca4e4830bee	62960	1052357	8320	32288	29808	0	101075	35216
84.56	23341ca4e4830bee	62960	1052548	8320	32288	29808	0	101081	35152
84.56	23341ca4e4830bee	62960	1052739	8320	32288	29808	0	101087	35152
84.56	23341ca4e4830bee	62960	1052930	8320	32288	29808	0	101085	35152
84.56	23341ca4e4830bee	62960	1053121	8320	32288	29808	0	101085	35152
84.56	23341ca4e4830bee	62960	1053312	8192	32240	29808	0	101081	35088
84.56	23341ca4e4830bee	62960	1053503	8192	32240	29808	0	101079	35088
84.56	23341ca4e4830bee	62960	1053695	8192	32240	29808	0	101091	35088
84.56	23341ca4e4830bee	62960	1053886	8192	32240	29808	0	101079	35088
84.56	23341ca4e4830bee	62960	1054077	8320	32272	29792	0	101079	35152
84.56	23341ca4e4830bee	62960	1054279	8320	32272	29792	0	101075	35152
84.56	23341ca4e4830bee	62960	1054519	8320	32272	29792	0	101079	35152
84.56	23341ca4e4830bee	62960	1054710	8192	32240	29808	0	101091	35104
84.56	23341ca4e4830bee	62960	1054902	8192	32240	29808	0	101085	35104
84.56	23341ca4e4830bee	62960	1055093	8192	32240	29808	0	101081	35104
84.56	23341ca4e4830bee	62960	1055284	8192	32240	29808	0	101085	35104
84.56	23341ca4e4830bee	62960	1055475	8192	32256	29808	0	101079	35216
84.74	23341ca4e4830bee	62960	1055666	8192	32256	29808	0	101085	35216
84.56	23341ca4e4830bee	62960	1055857	8192	32256	29808	0	101091	35216
84.56	23341ca4e4830bee	62960	1056048	8192	32256	29808	0	101081	35216
84.56	23341ca4e4830bee	62960	1056251	8320	32288	29792	0	101081	35136
84.56	23341ca4e4830bee	62960	1056442	8320	32288	29792	0	101085	35136
84.74	23341ca4e4830bee	62960	1056633	8320	32288	29792	0	101087	35136
84.56	23341ca4e4830bee	62960	1056825	8320	32288	29792	0	101085	35168
84.74	23341ca4e4830bee	62976	1057016	8320	32288	29776	0	101085	35168
84.74	23341ca4e4830bee	62976	1057207	8320	32288	29776	0	101093	35168
84.74	23341ca4e4830bee	62976	1057398	8320	32288	29776	0	101095	35168
84.56	23341ca4e4830bee	62960	1057589	8320	32256	29776	0	101081	35088
84.56	23341ca4e4830bee	62960	1057781	8320	32256	29824	0	101081	35088
84.74	23341ca4e4830bee	62960	1057972	8320	32256	29824	0	101091	35088
84.74	23341ca4e4830bee	62960	1058163	8320	32256	29824	0	101093	35088
84.56	23341ca4e4830bee	62960	1058402	8192	32272	29792	0	101081	35104
84.74	23341ca4e4830bee	62960	1058593	8192	32272	29792	0	101099	35104
84.74	23341ca4e4830bee	62960	1058785	8192	32272	29792	0	101085	35104
84.56	23341ca4e4830bee	62960	1058976	8192	32272	29792	0	101077	35104
84.74	23341ca4e4830bee	62960	1059167	8192	32288	29776	0	101093	35088
84.56	23341ca4e4830bee	62960	1059358	8192	32288	29776	0	101077	35088
84.56	23341ca4e4830bee	62960	1059549	8192	32288	29776	0	101085	35088
84.74	23341ca4e4830bee	62960	1059730	8320	32288	29776	0	101089	35120
84.74	23341ca4e4830bee	62960	1059921	8320	32240	29792	0	101083	35120
84.74	23341ca4e4830bee	62960	1060112	8320	32240	29792	0	101093	35120
84.74	23341ca4e4830bee	62960	1060304	8320	32240	29792	0	101081	35120
84.74	23341ca4e4830bee	62960	1060495	8192	32240	29792	0	101099	35184
84.74	23341ca4e4830bee	62960	1060686	8192	32240	29792	0	101093	35184
84.74	23341ca4e4830bee	62960	1060889	8192	32240	29792	0	101089	35184
84.74	23341ca4e4830bee	62960	1061071	8192	32240	29792	0	101083	35184
84.74	23341ca4e4830bee	62960	1061262	8320	32272	29808	0	101093	35216
84.74	23341ca4e4830bee	62960	1061453	8320	32272	29808	0	101087	35216
84.74	23341ca4e4830bee	62960	1061644	8320	32272	29808	0	101089	35216
84.74	23341ca4e4830bee	62960	1061835	8320	32272	29808	0	101093	35216
84.74	23341ca4e4830bee	62960	1062027	8192	32256	29776	0	101093	35184
84.74	23341ca4e4830bee	62960	1062259	8192	32256	29776	0	101089	35184
84.74	23341ca4e4830bee	62960	1062450	8192	32256	29776	0	101087	35184
84.74	23341ca4e4830bee	62960	1062631	8320	32256	29776	0	101093	35232
84.74	23341ca4e4830bee	62960	1062822	8320	32256	29808	0	101095	35232
84.74	23341ca4e4830bee	62960	1063013	8320	32256	29808	0	101081	35232
84.74	23341ca4e4830bee	62960	1063212	8320	32256	29808	0	101083	35232
84.74	23341ca4e4830bee	62960	1063403	8192	32256	29808	0	101093	35088
84.56	23341ca4e4830bee	62960	1063594	8192	32256	29808	0	101091	35088
84.74	23341ca4e4830bee	62960	1063785	8192	32256	29808	0	101087	35088
84.74	23341ca4e4830bee	62960	1063976	8192	32256	29808	0	101089	35088
84.74	23341ca4e4830bee	62960	1064167	8320	32304	29776	0	101087	35152
84.74	23341ca4e4830bee	62960	1064358	8320	32304	29776	0	101093	35152
84.74	23341ca4e4830bee	62960	1064550	8320	32304	29776	0	101095	35152
84.74	23341ca4e4830bee	62960	1064731	8320	32304	29776	0	101089	35152
84.74	23341ca4e4830bee	62960	1064922	8320	32272	29792	0	101087	35120
84.74	23341ca4e4830bee	62960	1065113	8320	32272	29792	0	101095	35120
84.74	23341ca4e4830bee	62960	1065324	8320	32272	29792	0	101093	35120
84.74	23341ca4e4830bee	62960	1065515	8320	32272	29792	0	101085	35104
84.56	23341ca4e4830bee	62960	1065707	8320	32224	29776	0	101073	35104
84.74	23341ca4e4830bee	62960	1065898	8320	32224	29776	0	101095	35104
84.74	23341ca4e4830bee	62960	1066117	8320	32224	29776	0	101099	35104
84.74	23341ca4e4830bee	62960	1066308	8320	32240	29808	0	101095	35104
84.74	23341ca4e4830bee	62960	1066499	8320	32240	29808	0	101089	35104
84.74	23341ca4e4830bee	62960	1066691	8320	32240	29808	0	101093	35104
84.74	23341ca4e4830bee	62960	1066872	8320	32240	29808	0	101087	35104
84.74	23341ca4e4830bee	62960	1067063	8192	32288	29792	0	101101	35136
84.56	23341ca4e4830bee	62960	1067254	8192	32288	29792	0	101085	35136
84.56	23341ca4e4830bee	62960	1067445	8192	32288	29792	0	101091	35136
84.56	23341ca4e4830bee	62960	1067636	8320	32288	29792	0	101073	35136
84.74	23341ca4e4830bee	62960	1067827	8320	32256	29824	0	101095	35136
84.56	23341ca4e4830bee	62960	1068019	8320	32256	29824	0	101081	35136
84.74	23341ca4e4830bee	62960	1068215	8320	32256	29824	0	101091	35136
84.56	23341ca4e4830bee	62960	1068406	8320	32256	29824	0	101081	35168
84.74	23341ca4e4830bee	62960	1068597	8320	32256	29792	0	101091	35168
84.56	23341ca4e4830bee	62960	1068788	8320	32256	29792	0	101085	35168
84.56	23341ca4e4830bee	62960	1068980	8320	32256	29792	0	101087	35168
84.56	23341ca4e4830bee	62960	1069171	8320	32256	29808	0	101085	35248
84.56	23341ca4e4830bee	62960	1069352	8320	32256	29808	0	101087	35248
84.56	23341ca4e4830bee	62960	1069543	8320	32256	29808	0	101087	35248
84.56	23341ca4e4830bee	62960	1069735	8320	32256	29808	0	101081	35248
84.56	23341ca4e4830bee	62960	1069976	8320	32272	29792	0	101087	35152
84.56	23341ca4e4830bee	62960	1070167	8320	32272	29792	0	101081	35152
84.56	23341ca4e4830bee	62960	1070358	8320	32272	29792	0	101081	35152
84.56	23341ca4e4830bee	62960	1070549	8320	32272	29792	0	101087	35168
84.56	23341ca4e4830bee	62960	1070741	8320	32256	29792	0	101075	35168
84.56	23341ca4e4830bee	62960	1070922	8320	32256	29792	0	101087	35168
84.56	23341ca4e4830bee	62960	1071113	8320	32256	29792	0	101079	35168
84.56	23341ca4e4830bee	62960	1071304	8320	32256	29792	0	101075	35200
84.56	23341ca4e4830bee	62960	1071496	8320	32288	29792	0	101083	35200
84.56	23341ca4e4830bee	62960	1071687	8320	32288	29792	0	101081	35200
84.56	23341ca4e4830bee	62960	1071878	8320	32288	29792	0	101087	35200
84.56	23341ca4e4830bee	62960	1072069	8320	32272	29808	0	101087	35184
84.56	23341ca4e4830bee	62960	1072260	8320	32272	29808	0	101087	35184
84.56	23341ca4e4830bee	62960	1072451	8320	32272	29808	0	101081	35184
84.56	23341ca4e4830bee	62960	1072642	8320	32272	29808	0	101083	35184
84.56	23341ca4e4830bee	62960	1072834	8320	32272	29792	0	101091	35152
84.56	23341ca4e4830bee	62960	1073025	8320	32272	29792	0	101089	35152
84.56	23341ca4e4830bee	62960	1073216	8320	32272	29792	0	101093	35152
84.56	23341ca4e4830bee	62960	1073407	8320	32272	29792	0	101085	35152
84.56	23341ca4e4830bee	62960	1073598	8320	32272	29808	0	101083	35184
84.56	23341ca4e4830bee	62960	1073828	8320	32272	29808	0	101083	35184
84.56	23341ca4e4830bee	62960	1074019	8320	32272	29808	0	101087	35184
84.56	23341ca4e4830bee	62960	1074210	8320	32272	29808	0	101085	35168
84.56	23341ca4e4830bee	62960	1074401	8320	32272	29792	0	101083	35168
84.56	23341ca4e4830bee	62960	1074582	8320	32272	29792	0	101093	35168
84.56	23341ca4e4830bee	62960	1074773	8320	32272	29792	0	101075	35168
84.56	23341ca4e4830bee	62960	1074964	8320	32224	29792	0	101087	35200
84.56	23341ca4e4830bee	62960	1075155	8320	32224	29792	0	101085	35200
84.56	23341ca4e4830bee	62960	1075346	8320	32224	29792	0	101085	35200
84.56	23341ca4e4830bee	62960	1075537	8320	32224	29792	0	101087	35200
84.56	23341ca4e4830bee	62960	1075729	8320	32304	29808	0	101081	35168
84.56	23341ca4e4830bee	62960	1075920	8320	32304	29808	0	101093	35168
84.56	23341ca4e4830bee	62960	1076111	8320	32304	29808	0	101087	35168
84.56	23341ca4e4830bee	62960	1076292	8320	32304	29808	0	101091	35168
84.56	23341ca4e4830bee	62960	1076483	8320	32272	29776	0	101089	35152
84.56	23341ca4e4830bee	62960	1076674	8320	32272	29776	0	101089	35152
84.56	23341ca4e4830bee	62960	1076866	8320	32272	29776	0	101091	35152
84.56	23341ca4e4830bee	62960	1077057	8192	32272	29776	0	101087	35136
84.56	23341ca4e4830bee	62960	1077259	8192	32288	29808	0	101087	35136
84.56	23341ca4e4830bee	62960	1077450	8192	32288	29808	0	101077	35136
84.56	23341ca4e4830bee	62960	1077680	8192	32288	29808	0	101089	35136
84.56	23341ca4e4830bee	62960	1077871	8320	32288	29808	0	101085	35136
84.56	23341ca4e4830bee	62960	1078052	8320	32288	29808	0	101087	35136
84.56	23341ca4e4830bee	62960	1078243	8320	32288	29808	0	101087	35136
84.56	23341ca4e4830bee	62960	1078434	8320	32288	29808	0	101093	35136
84.56	23341ca4e4830bee	62960	1078626	8320	32256	29760	0	101091	35136
84.56	23341ca4e4830bee	62960	1078817	8320	32256	29760	0	101087	35136
84.56	23341ca4e4830bee	62960	1079008	8320	32256	29760	0	101087	35136
84.56	23341ca4e4830bee	62960	1079204	8320	32256	29760	0	101089	35136
84.56	23341ca4e4830bee	62960	1079395	8320	32304	29824	0	101081	35152
84.56	23341ca4e4830bee	62960	1079586	8320	32304	29824	0	101085	35152
84.56	23341ca4e4830bee	62960	1079777	8320	32304	29824	0	101083	35152
84.56	23341ca4e4830bee	62960	1079968	8320	32304	29824	0	101087	35120
84.56	23341ca4e4830bee	62960	1080159	8320	32272	29824	0	101093	35120
84.56	23341ca4e4830bee	62960	1080351	8320	32272	29824	0	101085	35120
84.56	23341ca4e4830bee	62960	1080542	8320	32272	29824	0	101091	35120
84.56	23341ca4e4830bee	62960	1080723	8192	32272	29808	0	101081	35184
84.56	23341ca4e4830bee	62960	1080914	8192	32272	29808	0	101087	35184
84.56	23341ca4e4830bee	62960	1081105	8192	32272	29808	0	101087	35184
84.56	23341ca4e4830bee	62960	1081297	8192	32272	29808	0	101087	35184