Digit_temp	id	light	timestamp	acc_z	acc_y	acc_x	motion	pressure	humid
84.92	23341ca4e4830bee	62896	666936	8320	32272	29808	0	101095	35072
84.92	23341ca4e4830bee	62896	667141	8320	32272	29808	0	101105	35072
84.92	23341ca4e4830bee	62896	667332	8320	32272	29808	0	101107	35072
84.92	23341ca4e4830bee	62896	667524	8320	32272	29808	0	101095	35072
84.92	23341ca4e4830bee	62896	667715	8192	32336	29776	0	101099	35152
84.92	23341ca4e4830bee	62896	667906	8192	32336	29776	0	101093	35152
84.92	23341ca4e4830bee	62896	668097	8192	32336	29776	0	101101	35152
84.92	23341ca4e4830bee	62896	668288	8320	32336	29776	0	101103	35152
84.92	23341ca4e4830bee	62896	668479	8320	32288	29792	0	101099	35136
84.92	23341ca4e4830bee	62896	668670	8320	32288	29792	0	101103	35136
84.92	23341ca4e4830bee	62896	668861	8320	32288	29792	0	101093	35136
84.92	23341ca4e4830bee	62896	669052	8320	32272	29792	0	101091	35056
84.92	23341ca4e4830bee	62896	669243	8320	32272	29808	0	101101	35056
84.92	23341ca4e4830bee	62896	669434	8320	32272	29808	0	101093	35056
84.92	23341ca4e4830bee	62896	669625	8320	32272	29808	0	101099	35056
84.92	23341ca4e4830bee	62912	669816	8320	32256	29808	0	101093	35248
84.92	23341ca4e4830bee	62912	670007	8320	32256	29808	0	101103	35248
84.92	23341ca4e4830bee	62912	670198	8320	32256	29808	0	101091	35248
84.92	23341ca4e4830bee	62912	670389	8320	32256	29808	0	101093	35248
84.92	23341ca4e4830bee	62912	670580	8320	32272	29760	0	101099	35072
84.92	23341ca4e4830bee	62912	670824	8320	32272	29760	0	101099	35072
84.92	23341ca4e4830bee	62912	671015	8320	32272	29760	0	101105	35072
84.92	23341ca4e4830bee	62912	671206	8320	32272	29760	0	101103	35104
84.92	23341ca4e4830bee	62912	671397	8320	32272	29808	0	101091	35104
84.92	23341ca4e4830bee	62912	671588	8320	32272	29808	0	101105	35104
84.92	23341ca4e4830bee	62912	671779	8320	32272	29808	0	101095	35104
84.92	23341ca4e4830bee	62912	671971	8320	32288	29776	0	101111	35040
84.92	23341ca4e4830bee	62912	672162	8320	32288	29776	0	101099	35040
84.92	23341ca4e4830bee	62912	672353	8320	32288	29776	0	101105	35040
84.92	23341ca4e4830bee	62912	672544	8320	32288	29776	0	101099	35040
84.92	23341ca4e4830bee	62912	672735	8320	32256	29808	0	101103	35104
84.92	23341ca4e4830bee	62912	672926	8320	32256	29808	0	101095	35104
84.92	23341ca4e4830bee	62912	673107	8320	32256	29808	0	101101	35104
84.92	23341ca4e4830bee	62912	673298	8320	32256	29808	0	101099	35104
84.92	23341ca4e4830bee	62912	673490	8192	32240	29776	0	101099	35216
84.92	23341ca4e4830bee	62912	673681	8192	32240	29776	0	101099	35216
84.92	23341ca4e4830bee	62912	673872	8192	32240	29776	0	101095	35216
84.92	23341ca4e4830bee	62912	674063	8192	32240	29776	0	101103	35216
84.92	23341ca4e4830bee	62912	674254	8192	32256	29792	0	101095	35200
84.92	23341ca4e4830bee	62912	674446	8192	32256	29792	0	101103	35200
84.92	23341ca4e4830bee	62912	674664	8192	32256	29792	0	101095	35200
84.92	23341ca4e4830bee	62912	674855	8320	32272	29824	0	101089	35216
84.92	23341ca4e4830bee	62912	675046	8320	32272	29824	0	101103	35216
84.92	23341ca4e4830bee	62912	675247	8320	32272	29824	0	101099	35216
84.92	23341ca4e4830bee	62912	675438	8320	32272	29824	0	101103	35216
84.92	23341ca4e4830bee	62912	675629	8320	32256	29792	0	101085	35136
84.92	23341ca4e4830bee	62912	675820	8320	32256	29792	0	101095	35136
84.92	23341ca4e4830bee	62912	676012	8320	32256	29792	0	101095	35136
84.92	23341ca4e4830bee	62912	676203	8320	32256	29792	0	101103	35136
84.92	23341ca4e4830bee	62912	676394	8320	32240	29808	0	101087	35024
84.92	23341ca4e4830bee	62912	676585	8320	32240	29808	0	101105	35024
84.92	23341ca4e4830bee	62912	676776	8320	32240	29808	0	101087	35024
84.92	23341ca4e4830bee	62912	676957	8320	32240	29808	0	101105	35024
84.92	23341ca4e4830bee	62912	677149	8320	32272	29792	0	101103	35072
84.92	23341ca4e4830bee	62912	677340	8320	32272	29792	0	101099	35072
84.92	23341ca4e4830bee	62912	677531	8320	32272	29792	0	101099	35072
84.92	23341ca4e4830bee	62912	677722	8320	32208	29792	0	101109	35184
84.92	23341ca4e4830bee	62912	677913	8320	32208	29776	0	101105	35184
84.92	23341ca4e4830bee	62912	678105	8320	32208	29776	0	101103	35184
84.92	23341ca4e4830bee	62912	678296	8320	32208	29776	0	101095	35184
84.92	23341ca4e4830bee	62912	678525	8320	32288	29760	0	101093	35216
84.92	23341ca4e4830bee	62912	678716	8320	32288	29760	0	101091	35216
84.92	23341ca4e4830bee	62912	678907	8320	32288	29760	0	101093	35216
84.92	23341ca4e4830bee	62912	679098	8320	32288	29760	0	101091	35216
84.92	23341ca4e4830bee	62912	679290	8320	32288	29792	0	101105	35232
84.92	23341ca4e4830bee	62912	679481	8320	32288	29792	0	101105	35232
84.92	23341ca4e4830bee	62912	679672	8320	32288	29792	0	101105	35232
84.92	23341ca4e4830bee	62912	679863	8320	32288	29792	0	101105	35152
84.92	23341ca4e4830bee	62912	680054	8320	32256	29808	0	101091	35152
84.92	23341ca4e4830bee	62912	680245	8320	32256	29808	0	101105	35152
84.92	23341ca4e4830bee	62912	680436	8320	32256	29808	0	101095	35152
84.92	23341ca4e4830bee	62912	680627	8320	32240	29760	0	101111	35120
84.92	23341ca4e4830bee	62912	680808	8320	32240	29760	0	101099	35120
84.92	23341ca4e4830bee	62912	681000	8320	32240	29760	0	101091	35120
84.92	23341ca4e4830bee	62912	681191	8320	32240	29760	0	101091	35120
84.92	23341ca4e4830bee	62912	681382	8320	32288	29792	0	101099	35072
84.92	23341ca4e4830bee	62912	681573	8320	32288	29792	0	101091	35072
84.92	23341ca4e4830bee	62912	681765	8320	32288	29792	0	101095	35072
84.92	23341ca4e4830bee	62912	681956	8320	32288	29792	0	101099	35072
84.92	23341ca4e4830bee	62912	682147	8192	32256	29792	0	101091	35056
84.92	23341ca4e4830bee	62912	682377	8192	32256	29792	0	101091	35056
84.92	23341ca4e4830bee	62912	682568	8192	32256	29792	0	101095	35056
84.92	23341ca4e4830bee	62912	682759	8192	32256	29792	0	101099	35088
84.92	23341ca4e4830bee	62912	682950	8192	32224	29792	0	101093	35088
84.92	23341ca4e4830bee	62912	683141	8192	32224	29792	0	101099	35088
84.92	23341ca4e4830bee	62912	683332	8192	32224	29792	0	101105	35088
84.92	23341ca4e4830bee	62912	683530	8192	32256	29808	0	101095	35152
84.92	23341ca4e4830bee	62912	683722	8192	32256	29808	0	101091	35152
84.92	23341ca4e4830bee	62912	683913	8192	32256	29808	0	101099	35152
84.92	23341ca4e4830bee	62912	684109	8192	32256	29808	0	101099	35152
84.92	23341ca4e4830bee	62912	684300	8320	32288	29824	0	101099	35024
84.92	23341ca4e4830bee	62912	684491	8320	32288	29824	0	101105	35024
84.92	23341ca4e4830bee	62912	684682	8320	32288	29824	0	101109	35024
84.92	23341ca4e4830bee	62912	684873	8320	32288	29824	0	101105	35024
84.92	23341ca4e4830bee	62912	685065	8320	32288	29808	0	101091	35248
84.92	23341ca4e4830bee	62912	685256	8320	32288	29808	0	101093	35248
84.92	23341ca4e4830bee	62912	685447	8320	32288	29808	0	101099	35248
84.92	23341ca4e4830bee	62912	685628	8320	32288	29808	0	101105	35248
84.92	23341ca4e4830bee	62912	685819	8320	32224	29824	0	101093	35104
84.92	23341ca4e4830bee	62912	686011	8320	32224	29824	0	101101	35104
84.92	23341ca4e4830bee	62912	686251	8320	32224	29824	0	101105	35104
84.92	23341ca4e4830bee	62912	686442	8320	32272	29760	0	101099	35008
84.92	23341ca4e4830bee	62912	686634	8320	32272	29760	0	101099	35008
84.92	23341ca4e4830bee	62912	686825	8320	32272	29760	0	101093	35008
84.92	23341ca4e4830bee	62912	687016	8320	32272	29760	0	101099	35008
84.92	23341ca4e4830bee	62928	687207	8320	32256	29808	0	101101	35104
84.92	23341ca4e4830bee	62928	687398	8320	32256	29808	0	101101	35104
84.92	23341ca4e4830bee	62928	687589	8320	32256	29808	0	101091	35104
84.92	23341ca4e4830bee	62928	687780	8320	32256	29808	0	101099	35104
84.92	23341ca4e4830bee	62928	687971	8320	32304	29792	0	101087	35040
84.92	23341ca4e4830bee	62928	688163	8320	32304	29792	0	101101	35040
84.92	23341ca4e4830bee	62928	688354	8320	32304	29792	0	101091	35040
84.92	23341ca4e4830bee	62912	688545	8320	32304	29792	0	101107	35088
84.92	23341ca4e4830bee	62912	688736	8320	32256	29840	0	101093	35088
84.92	23341ca4e4830bee	62912	688927	8320	32256	29840	0	101105	35088
84.92	23341ca4e4830bee	62912	689118	8320	32256	29840	0	101105	35088
84.92	23341ca4e4830bee	62928	689310	8320	32256	29760	0	101103	35120
84.92	23341ca4e4830bee	62928	689501	8320	32256	29760	0	101091	35120
84.92	23341ca4e4830bee	62928	689692	8320	32256	29760	0	101091	35120
84.92	23341ca4e4830bee	62928	689883	8320	32256	29760	0	101101	35120
84.92	23341ca4e4830bee	62928	690124	8192	32272	29776	0	101101	35056
84.92	23341ca4e4830bee	62928	690315	8192	32272	29776	0	101099	35056
84.92	23341ca4e4830bee	62928	690506	8192	32272	29776	0	101095	35056
84.92	23341ca4e4830bee	62928	690698	8320	32272	29776	0	101091	35088
84.92	23341ca4e4830bee	62912	690889	8320	32256	29792	0	101099	35088
84.92	23341ca4e4830bee	62912	691080	8320	32256	29792	0	101101	35088
84.92	23341ca4e4830bee	62912	691271	8320	32256	29792	0	101093	35088
84.92	23341ca4e4830bee	62928	691462	8320	32272	29776	0	101093	35152
84.92	23341ca4e4830bee	62928	691653	8320	32272	29776	0	101095	35152
84.92	23341ca4e4830bee	62928	691844	8320	32272	29776	0	101099	35152
84.92	23341ca4e4830bee	62928	692035	8320	32272	29776	0	101085	35152
84.92	23341ca4e4830bee	62928	692226	8320	32288	29776	0	101101	35120
84.92	23341ca4e4830bee	62928	692418	8320	32288	29776	0	101099	35120
84.92	23341ca4e4830bee	62928	692609	8320	32288	29776	0	101103	35120
84.92	23341ca4e4830bee	62928	692800	8320	32288	29776	0	101093	35120
84.92	23341ca4e4830bee	62912	692991	8320	32240	29808	0	101103	35216
84.92	23341ca4e4830bee	62912	693182	8320	32240	29808	0	101091	35216
84.92	23341ca4e4830bee	62912	693373	8320	32240	29808	0	101091	35216
84.92	23341ca4e4830bee	62912	693565	8320	32240	29808	0	101095	35216
84.92	23341ca4e4830bee	62928	693756	8320	32272	29824	0	101087	35152
84.92	23341ca4e4830bee	62928	693975	8320	32272	29824	0	101093	35152
84.92	23341ca4e4830bee	62928	694166	8320	32272	29824	0	101091	35152
84.92	23341ca4e4830bee	62928	694358	8320	32256	29808	0	101093	35152
84.92	23341ca4e4830bee	62928	694549	8320	32256	29808	0	101101	35152
84.92	23341ca4e4830bee	62928	694730	8320	32256	29808	0	101105	35152
84.92	23341ca4e4830bee	62928	694921	8320	32256	29808	0	101095	35152
84.92	23341ca4e4830bee	62928	695112	8320	32240	29792	0	101095	34992
84.92	23341ca4e4830bee	62928	695303	8320	32240	29792	0	101099	34992
84.92	23341ca4e4830bee	62928	695494	8320	32240	29792	0	101107	34992
84.92	23341ca4e4830bee	62928	695685	8320	32240	29792	0	101091	34992
84.92	23341ca4e4830bee	62928	695876	8192	32272	29808	0	101091	35248
84.92	23341ca4e4830bee	62928	696067	8192	32272	29808	0	101103	35248
84.92	23341ca4e4830bee	62928	696259	8192	32272	29808	0	101101	35248
84.92	23341ca4e4830bee	62928	696440	8320	32272	29808	0	101091	35248
84.92	23341ca4e4830bee	62928	696631	8320	32272	29792	0	101095	35248
84.92	23341ca4e4830bee	62928	696822	8320	32272	29792	0	101095	35248
84.92	23341ca4e4830bee	62928	697014	8320	32272	29792	0	101095	35248
84.92	23341ca4e4830bee	62928	697205	8320	32272	29792	0	101099	35216
84.74	23341ca4e4830bee	62928	697396	8320	32272	29792	0	101087	35216
84.92	23341ca4e4830bee	62928	697587	8320	32272	29792	0	101091	35216
84.92	23341ca4e4830bee	62928	697817	8320	32272	29792	0	101095	35216
84.92	23341ca4e4830bee	62928	698008	8320	32256	29760	0	101099	35184
84.92	23341ca4e4830bee	62928	698190	8320	32256	29760	0	101089	35184
84.92	23341ca4e4830bee	62928	698381	8320	32256	29760	0	101101	35184
84.92	23341ca4e4830bee	62928	698572	8320	32256	29760	0	101101	35184
84.92	23341ca4e4830bee	62928	698763	8192	32272	29776	0	101099	35136
84.92	23341ca4e4830bee	62928	698954	8192	32272	29776	0	101091	35136
84.92	23341ca4e4830bee	62928	699145	8192	32272	29776	0	101087	35136
84.92	23341ca4e4830bee	62928	699337	8320	32272	29776	0	101085	35136
84.92	23341ca4e4830bee	62928	699528	8320	32288	29792	0	101093	35072
84.92	23341ca4e4830bee	62928	699719	8320	32288	29792	0	101101	35072
84.92	23341ca4e4830bee	62928	699900	8320	32288	29792	0	101095	35072
84.92	23341ca4e4830bee	62928	700091	8320	32288	29792	0	101087	35120
84.92	23341ca4e4830bee	62928	700282	8320	32272	29776	0	101093	35120
84.92	23341ca4e4830bee	62928	700473	8320	32272	29776	0	101101	35120
84.92	23341ca4e4830bee	62928	700665	8320	32272	29776	0	101093	35120
84.74	23341ca4e4830bee	62928	700856	8320	32256	29776	0	101093	35232
84.92	23341ca4e4830bee	62928	701047	8320	32256	29776	0	101105	35232
84.92	23341ca4e4830bee	62928	701238	8320	32256	29776	0	101095	35232
84.92	23341ca4e4830bee	62928	701429	8320	32256	29776	0	101099	35232
84.92	23341ca4e4830bee	62928	701675	8320	32240	29808	0	101101	35024
84.92	23341ca4e4830bee	62928	701866	8320	32240	29808	0	101095	35024
84.74	23341ca4e4830bee	62928	702057	8320	32240	29808	0	101101	35024
84.92	23341ca4e4830bee	62928	702253	8192	32240	29808	0	101099	35072
84.92	23341ca4e4830bee	62928	702444	8192	32304	29792	0	101101	35072
84.74	23341ca4e4830bee	62928	702666	8192	32304	29792	0	101095	35072
84.92	23341ca4e4830bee	62928	702858	8192	32304	29792	0	101101	35072
84.74	23341ca4e4830bee	62928	703049	8320	32272	29808	0	101089	35216
84.92	23341ca4e4830bee	62928	703240	8320	32272	29808	0	101111	35216
84.74	23341ca4e4830bee	62928	703421	8320	32272	29808	0	101093	35216
84.74	23341ca4e4830bee	62928	703612	8320	32272	29808	0	101095	35216
84.74	23341ca4e4830bee	62928	703803	8320	32256	29824	0	101091	35264
84.92	23341ca4e4830bee	62928	703994	8320	32256	29824	0	101101	35264
84.92	23341ca4e4830bee	62928	704190	8320	32256	29824	0	101101	35264
84.92	23341ca4e4830bee	62928	704381	8192	32256	29824	0	101089	35264
84.92	23341ca4e4830bee	62928	704573	8192	32288	29792	0	101107	35200
84.74	23341ca4e4830bee	62928	704764	8192	32288	29792	0	101101	35200
84.74	23341ca4e4830bee	62928	704955	8192	32288	29792	0	101089	35200
84.74	23341ca4e4830bee	62928	705154	8320	32288	29792	0	101095	35280
84.74	23341ca4e4830bee	62928	705345	8320	32272	29808	0	101091	35280
84.74	23341ca4e4830bee	62928	705585	8320	32272	29808	0	101089	35280
84.74	23341ca4e4830bee	62928	705776	8320	32272	29808	0	101089	35280
84.74	23341ca4e4830bee	62928	705967	8320	32288	29808	0	101095	35088
84.74	23341ca4e4830bee	62928	706158	8320	32288	29808	0	101089	35088
84.74	23341ca4e4830bee	62928	706349	8320	32288	29808	0	101093	35088
84.74	23341ca4e4830bee	62928	706540	8320	32288	29808	0	101099	35088
84.74	23341ca4e4830bee	62928	706721	8320	32272	29824	0	101091	35120
84.74	23341ca4e4830bee	62928	706912	8320	32272	29824	0	101089	35120
84.74	23341ca4e4830bee	62928	707103	8320	32272	29824	0	101099	35120
84.74	23341ca4e4830bee	62928	707295	8320	32272	29824	0	101091	35120
84.74	23341ca4e4830bee	62928	707486	8320	32256	29808	0	101089	35088
84.74	23341ca4e4830bee	62928	707677	8320	32256	29808	0	101095	35088
84.74	23341ca4e4830bee	62928	707868	8320	32256	29808	0	101093	35088
84.74	23341ca4e4830bee	62928	708059	8320	32256	29808	0	101091	35104
84.74	23341ca4e4830bee	62928	708250	8320	32256	29808	0	101093	35104
84.74	23341ca4e4830bee	62928	708431	8320	32256	29808	0	101099	35104
84.74	23341ca4e4830bee	62928	708623	8320	32256	29808	0	101105	35104
84.74	23341ca4e4830bee	62928	708814	8320	32240	29776	0	101091	35200
84.74	23341ca4e4830bee	62928	709005	8320	32240	29776	0	101093	35200
84.74	23341ca4e4830bee	62928	709196	8320	32240	29776	0	101099	35200
84.74	23341ca4e4830bee	62928	709436	8320	32240	29776	0	101099	35200
84.74	23341ca4e4830bee	62928	709627	8320	32272	29808	0	101103	35072
84.74	23341ca4e4830bee	62928	709818	8320	32272	29808	0	101101	35072
84.74	23341ca4e4830bee	62928	710009	8320	32272	29808	0	101099	35072
84.74	23341ca4e4830bee	62928	710200	8320	32272	29808	0	101095	35184
84.74	23341ca4e4830bee	62944	710391	8320	32288	29792	0	101093	35184
84.74	23341ca4e4830bee	62944	710582	8320	32288	29792	0	101095	35184
84.74	23341ca4e4830bee	62944	710773	8320	32288	29792	0	101095	35184
84.74	23341ca4e4830bee	62928	710964	8192	32304	29792	0	101095	35232
84.74	23341ca4e4830bee	62928	711155	8192	32304	29792	0	101101	35232
84.74	23341ca4e4830bee	62928	711347	8192	32304	29792	0	101099	35232
84.74	23341ca4e4830bee	62928	711538	8192	32304	29792	0	101095	35232
84.74	23341ca4e4830bee	62928	711729	8320	32288	29808	0	101099	35056
84.74	23341ca4e4830bee	62928	711920	8320	32288	29808	0	101095	35056
84.74	23341ca4e4830bee	62928	712101	8320	32288	29808	0	101099	35056
84.74	23341ca4e4830bee	62928	712292	8320	32288	29808	0	101093	35056
84.74	23341ca4e4830bee	62928	712484	8320	32272	29824	0	101101	35280
84.74	23341ca4e4830bee	62928	712675	8320	32272	29824	0	101093	35280
84.74	23341ca4e4830bee	62928	712866	8320	32272	29824	0	101095	35280
84.74	23341ca4e4830bee	62928	713057	8320	32272	29824	0	101095	35280
84.74	23341ca4e4830bee	62928	713296	8320	32256	29792	0	101093	35072
84.74	23341ca4e4830bee	62928	713487	8320	32256	29792	0	101093	35072
84.74	23341ca4e4830bee	62928	713678	8320	32256	29792	0	101099	35072
84.74	23341ca4e4830bee	62928	713869	8320	32288	29808	0	101099	35152
84.74	23341ca4e4830bee	62928	714060	8320	32288	29808	0	101099	35152
84.74	23341ca4e4830bee	62928	714251	8320	32288	29808	0	101093	35152
84.74	23341ca4e4830bee	62928	714432	8320	32288	29808	0	101095	35152
84.74	23341ca4e4830bee	62928	714623	8320	32240	29792	0	101091	35088
84.74	23341ca4e4830bee	62928	714814	8320	32240	29792	0	101091	35088
84.74	23341ca4e4830bee	62928	715005	8320	32240	29792	0	101089	35088
84.74	23341ca4e4830bee	62928	715196	8320	32240	29792	0	101093	35088
84.74	23341ca4e4830bee	62944	715388	8192	32272	29840	0	101093	35024
84.74	23341ca4e4830bee	62944	715579	8192	32272	29840	0	101095	35024
84.74	23341ca4e4830bee	62944	715770	8192	32272	29840	0	101093	35024
84.74	23341ca4e4830bee	62944	715951	8192	32272	29840	0	101093	35024
84.74	23341ca4e4830bee	62944	716143	8192	32256	29808	0	101099	35248
84.74	23341ca4e4830bee	62944	716334	8192	32256	29808	0	101093	35248
84.74	23341ca4e4830bee	62944	716525	8192	32256	29808	1	101091	35248
84.74	23341ca4e4830bee	63072	716716	8320	32256	29808	1	101093	35072
84.74	23341ca4e4830bee	63072	716908	8320	32256	29792	0	101105	35072
84.74	23341ca4e4830bee	63072	717145	8320	32256	29792	1	101091	35072
84.74	23341ca4e4830bee	63072	717336	8320	32256	29792	1	101091	35072
84.74	23341ca4e4830bee	63696	717527	8320	32272	29808	1	101099	35216
84.74	23341ca4e4830bee	63696	717718	8320	32272	29808	1	101101	35216
84.74	23341ca4e4830bee	63696	717909	8320	32272	29808	1	101099	35216
84.74	23341ca4e4830bee	63696	718100	8320	32272	29808	1	101093	35216
84.74	23341ca4e4830bee	63664	718291	8320	32272	29808	0	101101	35152
84.74	23341ca4e4830bee	63664	718472	8320	32272	29808	1	101107	35152
84.74	23341ca4e4830bee	63664	718664	8320	32272	29808	1	101093	35152
84.74	23341ca4e4830bee	63664	718855	8320	32272	29808	1	101099	35152
84.74	23341ca4e4830bee	63664	719046	8320	32256	29824	1	101101	35120
84.74	23341ca4e4830bee	63664	719237	8320	32256	29824	1	101101	35120
84.74	23341ca4e4830bee	63664	719428	8320	32256	29824	1	101105	35120
84.74	23341ca4e4830bee	63888	719619	8320	32256	29824	1	101099	35216
84.74	23341ca4e4830bee	63888	719810	8320	32272	29840	0	101101	35216
84.74	23341ca4e4830bee	63888	720002	8320	32272	29840	1	101101	35216
84.74	23341ca4e4830bee	63888	720193	8320	32272	29840	1	101093	35216
84.74	23341ca4e4830bee	63744	720384	8320	32240	29824	1	101099	35120
84.74	23341ca4e4830bee	63744	720575	8320	32240	29824	1	101087	35120
84.74	23341ca4e4830bee	63744	720767	8320	32240	29824	1	101099	35120
84.74	23341ca4e4830bee	63744	721009	8320	32240	29824	1	101099	35120
84.74	23341ca4e4830bee	63632	721200	8320	32272	29792	0	101093	35088
84.74	23341ca4e4830bee	63632	721391	8320	32272	29792	0	101093	35088
84.74	23341ca4e4830bee	63632	721582	8320	32272	29792	0	101085	35088
84.74	23341ca4e4830bee	62768	721774	8192	32272	29792	1	101093	35216
84.74	23341ca4e4830bee	62768	721965	8192	32272	29792	1	101101	35216
84.74	23341ca4e4830bee	62768	722159	8192	32272	29792	1	101099	35216
84.74	23341ca4e4830bee	62768	722350	8192	32272	29792	1	101095	35216
84.74	23341ca4e4830bee	62592	722541	8192	32288	29776	1	101089	35120
84.74	23341ca4e4830bee	62592	722732	8192	32288	29776	1	101093	35120
84.74	23341ca4e4830bee	62592	722923	8192	32288	29776	1	101085	35120
84.74	23341ca4e4830bee	62592	723114	8192	32288	29776	1	101087	35120
84.74	23341ca4e4830bee	62688	723306	8320	32256	29840	0	101093	35120
84.74	23341ca4e4830bee	62688	723497	8320	32256	29840	1	101099	35120
84.74	23341ca4e4830bee	62688	723688	8320	32256	29840	1	101085	35120
84.74	23341ca4e4830bee	62688	723879	8320	32256	29840	1	101085	35120
84.74	23341ca4e4830bee	62736	724070	8320	32256	29824	0	101099	35120
84.74	23341ca4e4830bee	62736	724262	8320	32256	29824	1	101099	35120
84.74	23341ca4e4830bee	62736	724443	8320	32256	29824	1	101087	35120
84.74	23341ca4e4830bee	62736	724634	8192	32256	29824	1	101083	35120
84.74	23341ca4e4830bee	62800	724875	8192	32256	29808	1	101105	35136
84.74	23341ca4e4830bee	62800	725066	8192	32256	29808	1	101099	35136
84.74	23341ca4e4830bee	62800	725257	8192	32256	29808	0	101091	35136
84.74	23341ca4e4830bee	62832	725449	8320	32288	29808	0	101099	35136
84.74	23341ca4e4830bee	62832	725640	8320	32288	29808	0	101093	35136
84.74	23341ca4e4830bee	62832	725831	8320	32288	29808	0	101101	35136
84.74	23341ca4e4830bee	62832	726022	8320	32288	29808	0	101085	35136
84.74	23341ca4e4830bee	62848	726203	8320	32272	29792	1	101099	35232
84.74	23341ca4e4830bee	62848	726394	8320	32272	29792	1	101093	35232
84.74	23341ca4e4830bee	62848	726585	8320	32272	29792	1	101093	35232
84.74	23341ca4e4830bee	62848	726777	8320	32272	29792	0	101099	35232
84.74	23341ca4e4830bee	62752	726968	8192	32288	29824	0	101101	35184
84.74	23341ca4e4830bee	62752	727171	8192	32288	29824	1	101099	35184
84.74	23341ca4e4830bee	62752	727362	8192	32288	29824	1	101099	35184
84.74	23341ca4e4830bee	62752	727543	8320	32288	29824	1	101099	35088
84.74	23341ca4e4830bee	62672	727734	8320	32288	29776	1	101091	35088
84.74	23341ca4e4830bee	62672	727925	8320	32288	29776	1	101105	35088
84.74	23341ca4e4830bee	62672	728125	8320	32288	29776	0	101091	35088
84.74	23341ca4e4830bee	62672	728316	8320	32240	29776	1	101099	35200
84.74	23341ca4e4830bee	62672	728508	8320	32240	29776	1	101099	35200
84.74	23341ca4e4830bee	62672	728747	8320	32240	29776	1	101085	35200
84.74	23341ca4e4830bee	62672	728938	8320	32240	29776	1	101099	35200
84.74	23341ca4e4830bee	62672	729132	8320	32240	29792	1	101087	35104
84.74	23341ca4e4830bee	62672	729313	8320	32240	29792	1	101093	35104
84.74	23341ca4e4830bee	62672	729504	8320	32240	29792	1	101091	35104
84.74	23341ca4e4830bee	62672	729695	8320	32240	29792	1	101099	35104
84.74	23341ca4e4830bee	62656	729887	8320	32304	29760	1	101091	35088
84.74	23341ca4e4830bee	62656	730078	8320	32304	29760	1	101093	35088
84.74	23341ca4e4830bee	62656	730270	8320	32304	29760	1	101087	35088
84.74	23341ca4e4830bee	62640	730461	8192	32304	29760	1	101093	35200
84.74	23341ca4e4830bee	62640	730652	8192	32272	29792	0	101107	35200
84.74	23341ca4e4830bee	62640	730843	8192	32272	29792	0	101093	35200
84.74	23341ca4e4830bee	62640	731024	8192	32272	29792	0	101093	35200
84.74	23341ca4e4830bee	62640	731216	8320	32272	29776	0	101093	35152
84.74	23341ca4e4830bee	62640	731407	8320	32272	29776	0	101099	35152
84.74	23341ca4e4830bee	62640	731598	8320	32272	29776	1	101093	35152
84.74	23341ca4e4830bee	62640	731789	8320	32272	29776	1	101083	35152
84.74	23341ca4e4830bee	62608	731980	8320	32272	29792	1	101093	35216
84.74	23341ca4e4830bee	62608	732172	8320	32272	29792	1	101083	35216
84.74	23341ca4e4830bee	62608	732363	8320	32272	29792	1	101085	35216
84.74	23341ca4e4830bee	62608	732596	8320	32272	29792	1	101093	35200
84.74	23341ca4e4830bee	62592	732787	8320	32272	29808	1	101089	35200
84.74	23341ca4e4830bee	62592	732979	8320	32272	29808	1	101101	35200
84.74	23341ca4e4830bee	62592	733170	8320	32272	29808	0	101085	35200
84.74	23341ca4e4830bee	62624	733361	8320	32304	29808	0	101093	35120
84.74	23341ca4e4830bee	62624	733552	8320	32304	29808	0	101091	35120
84.74	23341ca4e4830bee	62624	733743	8320	32304	29808	1	101093	35120
84.74	23341ca4e4830bee	62624	733924	8320	32304	29808	1	101101	35120
84.74	23341ca4e4830bee	62624	734115	8320	32272	29840	1	101089	35184
84.74	23341ca4e4830bee	62624	734306	8320	32272	29840	1	101107	35184
84.74	23341ca4e4830bee	62624	734497	8320	32272	29840	1	101093	35184
84.74	23341ca4e4830bee	62624	734688	8320	32272	29840	0	101089	35184
84.74	23341ca4e4830bee	62624	734880	8320	32272	29792	0	101091	35088
84.74	23341ca4e4830bee	62624	735071	8320	32272	29792	0	101093	35088
84.74	23341ca4e4830bee	62624	735282	8320	32272	29792	1	101099	35088
84.74	23341ca4e4830bee	62624	735473	8320	32272	29792	0	101095	35088
84.74	23341ca4e4830bee	62608	735654	8320	32288	29856	0	101093	35104
84.74	23341ca4e4830bee	62608	735845	8320	32288	29856	1	101093	35104
84.74	23341ca4e4830bee	62608	736037	8320	32288	29856	1	101089	35104
84.74	23341ca4e4830bee	63392	736228	8320	32288	29856	1	101101	35200
84.74	23341ca4e4830bee	63392	736472	8320	32240	29824	1	101095	35200
84.74	23341ca4e4830bee	63392	736663	8320	32240	29824	1	101091	35200
84.74	23341ca4e4830bee	63392	736854	8320	32240	29824	1	101099	35200
84.74	23341ca4e4830bee	63600	737035	8320	32304	29808	1	101093	35136
84.74	23341ca4e4830bee	63600	737226	8320	32304	29808	1	101083	35136
84.74	23341ca4e4830bee	63600	737417	8320	32304	29808	1	101105	35136
84.74	23341ca4e4830bee	63600	737608	8320	32304	29808	1	101113	35136
84.74	23341ca4e4830bee	63584	737799	8320	32272	29808	1	101105	35152
84.74	23341ca4e4830bee	63584	737990	8320	32272	29808	0	101099	35152
84.74	23341ca4e4830bee	63584	738181	8320	32272	29808	1	101107	35152
84.74	23341ca4e4830bee	63584	738372	8192	32272	29808	1	101109	35152
84.74	23341ca4e4830bee	63664	738564	8192	32256	29792	1	101099	35104
84.74	23341ca4e4830bee	63664	738745	8192	32256	29792	1	101101	35104
84.74	23341ca4e4830bee	63664	738936	8192	32256	29792	1	101105	35104
84.74	23341ca4e4830bee	63968	739127	8320	32256	29792	1	101103	35184
84.74	23341ca4e4830bee	63968	739318	8320	32304	29744	1	101093	35184
84.74	23341ca4e4830bee	63968	739509	8320	32304	29744	1	101107	35184
84.74	23341ca4e4830bee	63968	739701	8320	32304	29744	1	101093	35184
84.74	23341ca4e4830bee	63328	739892	8320	32272	29792	1	101099	35136
84.74	23341ca4e4830bee	63328	740083	8320	32272	29792	1	101101	35136
84.74	23341ca4e4830bee	63328	740315	8320	32272	29792	1	101105	35136
84.74	23341ca4e4830bee	63328	740506	8320	32272	29792	1	101101	35136
84.74	23341ca4e4830bee	63040	740698	8320	32288	29808	1	101099	35152
84.74	23341ca4e4830bee	63040	740889	8320	32288	29808	1	101105	35152
84.74	23341ca4e4830bee	63040	741080	8320	32288	29808	1	101091	35152
84.74	23341ca4e4830bee	63040	741271	8192	32288	29808	0	101091	35152
84.74	23341ca4e4830bee	62976	741463	8192	32272	29824	0	101093	35152
84.74	23341ca4e4830bee	62976	741654	8192	32272	29824	1	101101	35152
84.74	23341ca4e4830bee	62976	741845	8192	32272	29824	1	101091	35152
84.74	23341ca4e4830bee	62976	742036	8320	32256	29824	1	101095	35168
84.74	23341ca4e4830bee	62976	742227	8320	32256	29792	1	101093	35168
84.74	23341ca4e4830bee	62976	742418	8320	32256	29792	1	101101	35168
84.74	23341ca4e4830bee	62976	742609	8320	32256	29792	1	101091	35168
84.74	23341ca4e4830bee	62960	742800	8320	32272	29808	1	101101	35200
84.74	23341ca4e4830bee	62960	742992	8320	32272	29808	0	101099	35200
84.74	23341ca4e4830bee	62960	743183	8320	32272	29808	0	101101	35200
84.74	23341ca4e4830bee	62960	743374	8320	32272	29808	0	101093	35200
84.74	23341ca4e4830bee	62960	743555	8192	32272	29776	0	101101	35120
84.74	23341ca4e4830bee	62960	743746	8192	32272	29776	0	101093	35120
84.74	23341ca4e4830bee	62960	743938	8192	32272	29776	0	101091	35120
84.74	23341ca4e4830bee	62960	744179	8192	32272	29776	0	101093	35152
84.74	23341ca4e4830bee	62960	744370	8192	32256	29792	0	101093	35152
84.74	23341ca4e4830bee	62960	744561	8192	32256	29792	0	101103	35152
84.74	23341ca4e4830bee	62960	744752	8192	32256	29792	0	101091	35152
84.74	23341ca4e4830bee	62960	744943	8192	32240	29808	0	101099	35168
84.74	23341ca4e4830bee	62960	745134	8192	32240	29808	0	101093	35168
84.74	23341ca4e4830bee	62960	745315	8192	32240	29808	0	101105	35168
84.74	23341ca4e4830bee	62960	745506	8192	32240	29808	0	101091	35168
84.74	23341ca4e4830bee	62960	745698	8320	32288	29808	0	101101	35120
84.74	23341ca4e4830bee	62960	745889	8320	32288	29808	0	101111	35120
84.74	23341ca4e4830bee	62960	746080	8320	32288	29808	0	101109	35120
84.74	23341ca4e4830bee	62960	746272	8320	32288	29808	0	101093	35120
84.74	23341ca4e4830bee	62960	746463	8192	32256	29760	0	101101	35184
84.74	23341ca4e4830bee	62960	746654	8192	32256	29760	0	101093	35184
84.74	23341ca4e4830bee	62960	746845	8192	32256	29760	0	101095	35184
84.74	23341ca4e4830bee	62960	747027	8320	32256	29760	0	101101	35184
84.74	23341ca4e4830bee	62960	747218	8320	32288	29792	0	101101	35168
84.74	23341ca4e4830bee	62960	747409	8320	32288	29792	0	101093	35168
84.74	23341ca4e4830bee	62960	747600	8320	32288	29792	0	101101	35168
84.74	23341ca4e4830bee	62960	747791	8320	32288	29792	0	101091	35120
84.74	23341ca4e4830bee	62960	748021	8320	32256	29840	0	101099	35120
84.74	23341ca4e4830bee	62960	748212	8320	32256	29840	0	101105	35120
84.74	23341ca4e4830bee	62960	748403	8320	32256	29840	0	101099	35120
84.74	23341ca4e4830bee	62960	748594	8320	32256	29776	0	101093	35184
84.74	23341ca4e4830bee	62960	748785	8320	32256	29776	0	101101	35184
84.74	23341ca4e4830bee	62960	748966	8320	32256	29776	0	101101	35184
84.74	23341ca4e4830bee	62960	749157	8320	32256	29776	0	101093	35184
84.74	23341ca4e4830bee	62960	749348	8320	32288	29760	0	101105	35184
84.74	23341ca4e4830bee	62960	749539	8320	32288	29760	0	101095	35184
84.74	23341ca4e4830bee	62960	749730	8320	32288	29760	0	101101	35184
84.74	23341ca4e4830bee	62960	749922	8320	32288	29760	0	101099	35184
84.74	23341ca4e4830bee	62960	750113	8320	32240	29808	0	101107	35184
84.74	23341ca4e4830bee	62960	750304	8320	32240	29808	0	101101	35184
84.74	23341ca4e4830bee	62960	750495	8320	32240	29808	0	101093	35184
84.74	23341ca4e4830bee	62960	750676	8320	32240	29808	0	101103	35168
84.74	23341ca4e4830bee	62960	750867	8320	32256	29808	0	101093	35168
84.74	23341ca4e4830bee	62960	751059	8320	32256	29808	0	101093	35168
84.74	23341ca4e4830bee	62960	751250	8320	32256	29808	0	101087	35168
84.74	23341ca4e4830bee	62960	751441	8192	32256	29792	0	101087	35152
84.56	23341ca4e4830bee	62960	751632	8192	32256	29792	0	101091	35152
84.74	23341ca4e4830bee	62960	751871	8192	32256	29792	0	101095	35152
84.74	23341ca4e4830bee	62960	752062	8192	32256	29792	0	101089	35152
84.74	23341ca4e4830bee	62960	752253	8192	32272	29808	0	101093	35152
84.74	23341ca4e4830bee	62960	752444	8192	32272	29808	0	101095	35152
84.74	23341ca4e4830bee	62960	752635	8192	32272	29808	0	101099	35152
84.74	23341ca4e4830bee	62960	752816	8192	32272	29808	0	101093	35152
84.74	23341ca4e4830bee	62960	753007	8192	32272	29792	0	101101	35184
84.74	23341ca4e4830bee	62960	753198	8192	32272	29792	0	101103	35184
84.74	23341ca4e4830bee	62960	753390	8192	32272	29792	0	101089	35184
84.74	23341ca4e4830bee	62960	753581	8320	32272	29792	0	101095	35168
84.74	23341ca4e4830bee	62960	753772	8320	32256	29808	0	101101	35168
84.74	23341ca4e4830bee	62960	753963	8320	32256	29808	0	101103	35168
84.74	23341ca4e4830bee	62960	754155	8320	32256	29808	0	101099	35168
84.74	23341ca4e4830bee	62960	754346	8192	32240	29792	0	101103	35184
84.74	23341ca4e4830bee	62960	754527	8192	32240	29792	0	101089	35184
84.74	23341ca4e4830bee	62960	754718	8192	32240	29792	0	101089	35184
84.74	23341ca4e4830bee	62960	754910	8192	32240	29792	0	101107	35184
84.74	23341ca4e4830bee	62960	755101	8320	32272	29792	0	101089	35168
84.74	23341ca4e4830bee	62960	755292	8320	32272	29792	0	101107	35168
84.74	23341ca4e4830bee	62960	755483	8320	32272	29792	0	101103	35168
84.74	23341ca4e4830bee	62960	755718	8320	32272	29792	0	101087	35088
84.74	23341ca4e4830bee	62960	755909	8320	32256	29808	0	101093	35088
84.74	23341ca4e4830bee	62960	756100	8320	32256	29808	0	101095	35088
84.74	23341ca4e4830bee	62960	756292	8320	32256	29808	0	101101	35088
84.74	23341ca4e4830bee	62960	756483	8320	32240	29808	0	101083	35184
84.74	23341ca4e4830bee	62960	756674	8320	32240	29824	0	101093	35184
84.74	23341ca4e4830bee	62960	756865	8320	32240	29824	0	101093	35184
84.74	23341ca4e4830bee	62960	757056	8320	32240	29824	0	101091	35184
84.74	23341ca4e4830bee	62960	757237	8192	32256	29776	0	101091	35136
84.74	23341ca4e4830bee	62960	757428	8192	32256	29776	0	101093	35136
84.74	23341ca4e4830bee	62960	757619	8192	32256	29776	0	101091	35136
84.74	23341ca4e4830bee	62960	757810	8192	32256	29776	0	101101	35136
84.74	23341ca4e4830bee	62960	758002	8320	32272	29824	0	101101	35120
84.74	23341ca4e4830bee	62960	758193	8320	32272	29824	0	101101	35120
84.74	23341ca4e4830bee	62960	758384	8320	32272	29824	0	101089	35120
84.74	23341ca4e4830bee	62960	758575	8320	32272	29824	0	101095	35120
84.74	23341ca4e4830bee	62960	758766	8320	32272	29792	0	101091	35136
84.74	23341ca4e4830bee	62960	758947	8320	32272	29792	0	101105	35136
84.74	23341ca4e4830bee	62960	759149	8320	32272	29792	0	101089	35136
84.74	23341ca4e4830bee	62960	759340	8320	32272	29792	0	101093	35200
84.74	23341ca4e4830bee	62960	759580	8320	32304	29824	0	101101	35200
84.74	23341ca4e4830bee	62960	759771	8320	32304	29824	0	101105	35200
84.74	23341ca4e4830bee	62960	759962	8320	32304	29824	0	101089	35200
84.74	23341ca4e4830bee	62960	760161	8320	32272	29776	0	101107	35184
84.74	23341ca4e4830bee	62960	760352	8320	32272	29776	0	101091	35184
84.74	23341ca4e4830bee	62960	760544	8320	32272	29776	0	101101	35184
84.74	23341ca4e4830bee	62960	760735	8320	32272	29776	0	101091	35184
84.74	23341ca4e4830bee	62960	760926	8320	32288	29808	0	101089	35152
84.74	23341ca4e4830bee	62960	761117	8320	32288	29808	0	101099	35152
84.74	23341ca4e4830bee	62960	761308	8320	32288	29808	0	101089	35152
84.74	23341ca4e4830bee	62960	761499	8192	32288	29808	0	101091	35168
84.74	23341ca4e4830bee	62960	761690	8192	32256	29824	0	101103	35168
84.74	23341ca4e4830bee	62960	761881	8192	32256	29824	0	101091	35168
84.74	23341ca4e4830bee	62960	762073	8192	32256	29824	0	101095	35168
84.74	23341ca4e4830bee	62960	762270	8320	32288	29792	0	101083	35104
84.74	23341ca4e4830bee	62960	762461	8320	32288	29792	0	101095	35104
84.74	23341ca4e4830bee	62960	762653	8320	32288	29792	0	101095	35104
84.74	23341ca4e4830bee	62960	762844	8320	32288	29792	0	101095	35104
84.74	23341ca4e4830bee	62960	763035	8320	32256	29808	0	101095	35168
84.74	23341ca4e4830bee	62960	763226	8320	32256	29808	0	101089	35168
84.74	23341ca4e4830bee	62960	763459	8320	32256	29808	0	101095	35168
84.74	23341ca4e4830bee	62960	763650	8320	32256	29808	0	101095	35168
84.74	23341ca4e4830bee	62960	763841	8320	32304	29760	0	101093	35152
84.74	23341ca4e4830bee	62960	764033	8320	32304	29760	0	101099	35152
84.74	23341ca4e4830bee	62960	764224	8320	32304	29760	0	101095	35152
84.74	23341ca4e4830bee	62960	764415	8320	32304	29760	0	101101	35136
84.74	23341ca4e4830bee	62960	764606	8320	32320	29776	0	101093	35136
84.74	23341ca4e4830bee	62960	764797	8320	32320	29776	0	101099	35136
84.74	23341ca4e4830bee	62960	764978	8320	32320	29776	0	101091	35136
84.74	23341ca4e4830bee	62960	765169	8320	32272	29792	0	101095	35152
84.74	23341ca4e4830bee	62960	765360	8320	32272	29792	0	101087	35152
84.74	23341ca4e4830bee	62960	765551	8320	32272	29792	0	101089	35152
84.74	23341ca4e4830bee	62960	765743	8320	32272	29792	0	101101	35152
84.74	23341ca4e4830bee	62960	765934	8320	32272	29776	0	101109	35152
84.74	23341ca4e4830bee	62960	766128	8320	32272	29776	0	101099	35152
84.74	23341ca4e4830bee	62960	766319	8320	32272	29776	0	101101	35152
84.74	23341ca4e4830bee	62960	766511	8320	32272	29776	0	101105	35152
84.74	23341ca4e4830bee	62960	766702	8192	32256	29808	0	101101	35136
84.74	23341ca4e4830bee	62960	766893	8192	32256	29808	0	101099	35136
84.74	23341ca4e4830bee	62960	767084	8192	32256	29808	0	101093	35136
84.74	23341ca4e4830bee	62960	767306	8320	32256	29808	0	101093	35152
84.74	23341ca4e4830bee	62960	767497	8320	32304	29776	0	101095	35152
84.74	23341ca4e4830bee	62960	767679	8320	32304	29776	0	101093	35152
84.74	23341ca4e4830bee	62960	767870	8320	32304	29776	0	101109	35152
84.74	23341ca4e4830bee	62960	768061	8320	32288	29792	0	101091	35152
84.74	23341ca4e4830bee	62960	768252	8320	32288	29792	0	101091	35152
84.74	23341ca4e4830bee	62960	768443	8320	32288	29792	0	101093	35152
84.74	23341ca4e4830bee	62960	768634	8320	32288	29792	0	101099	35152
84.74	23341ca4e4830bee	62960	768825	8320	32288	29792	0	101105	35168
84.74	23341ca4e4830bee	62960	769017	8320	32288	29792	0	101101	35168
84.74	23341ca4e4830bee	62960	769219	8320	32288	29792	0	101093	35168
84.74	23341ca4e4830bee	62960	769410	8320	32288	29792	0	101099	35168
84.74	23341ca4e4830bee	62960	769601	8320	32288	29792	0	101099	35184
84.74	23341ca4e4830bee	62960	769792	8320	32288	29792	0	101099	35184
84.74	23341ca4e4830bee	62960	769983	8320	32288	29792	0	101095	35184
84.74	23341ca4e4830bee	62960	770174	8320	32288	29792	0	101105	35184
84.74	23341ca4e4830bee	62960	770366	8320	32256	29792	0	101091	35184
84.74	23341ca4e4830bee	62960	770557	8320	32256	29792	0	101091	35184
84.74	23341ca4e4830bee	62960	770738	8320	32256	29792	0	101105	35184
84.74	23341ca4e4830bee	62960	770929	8320	32256	29792	0	101091	35120
84.74	23341ca4e4830bee	62960	771172	8320	32256	29792	0	101099	35120
84.74	23341ca4e4830bee	62960	771363	8320	32256	29792	0	101105	35120
84.74	23341ca4e4830bee	62960	771554	8320	32256	29792	0	101103	35120
84.74	23341ca4e4830bee	62960	771745	8192	32272	29792	0	101099	35152
84.74	23341ca4e4830bee	62960	771936	8192	32272	29792	0	101099	35152
84.74	23341ca4e4830bee	62960	772127	8192	32272	29792	0	101101	35152
84.74	23341ca4e4830bee	62960	772334	8320	32272	29792	0	101093	35152
84.74	23341ca4e4830bee	62960	772525	8320	32272	29792	0	101105	35136
84.74	23341ca4e4830bee	62960	772716	8320	32272	29792	0	101095	35136
84.74	23341ca4e4830bee	62960	772908	8320	32272	29792	0	101103	35136
84.74	23341ca4e4830bee	62960	773089	8192	32272	29792	0	101103	35168
84.74	23341ca4e4830bee	62960	773280	8192	32256	29808	0	101101	35168
84.74	23341ca4e4830bee	62960	773471	8192	32256	29808	0	101099	35168
84.74	23341ca4e4830bee	62960	773662	8192	32256	29808	0	101089	35168
84.74	23341ca4e4830bee	62960	773853	8320	32272	29792	0	101091	35184
84.74	23341ca4e4830bee	62960	774045	8320	32272	29792	0	101093	35184
84.74	23341ca4e4830bee	62960	774236	8320	32272	29792	0	101085	35184
84.74	23341ca4e4830bee	62960	774427	8320	32272	29792	0	101099	35184
84.74	23341ca4e4830bee	62960	774618	8320	32304	29808	0	101095	35152
84.74	23341ca4e4830bee	62960	774799	8320	32304	29808	0	101091	35152
84.74	23341ca4e4830bee	62960	775041	8320	32304	29808	0	101095	35152
84.74	23341ca4e4830bee	62960	775232	8320	32304	29808	0	101093	35136
84.74	23341ca4e4830bee	62960	775423	8320	32256	29808	0	101095	35136
84.74	23341ca4e4830bee	62960	775614	8320	32256	29808	0	101095	35136
84.74	23341ca4e4830bee	62960	775805	8320	32256	29808	0	101089	35136
84.74	23341ca4e4830bee	62960	775996	8320	32256	29808	0	101099	35136
84.92	23341ca4e4830bee	62960	776187	8320	32256	29776	0	101103	35136
84.92	23341ca4e4830bee	62960	776379	8320	32256	29776	0	101105	35136
84.74	23341ca4e4830bee	62960	776570	8320	32256	29776	0	101089	35136
84.74	23341ca4e4830bee	62960	776761	8320	32256	29776	0	101095	35120
84.74	23341ca4e4830bee	62960	776952	8320	32256	29776	0	101093	35120
84.74	23341ca4e4830bee	62960	777155	8320	32256	29776	0	101085	35120
84.92	23341ca4e4830bee	62960	777346	8320	32256	29776	0	101095	35120
84.74	23341ca4e4830bee	62960	777537	8192	32256	29808	0	101101	35136
84.92	23341ca4e4830bee	62960	777728	8192	32256	29808	0	101101	35136
84.74	23341ca4e4830bee	62960	777910	8192	32256	29808	0	101099	35136
84.74	23341ca4e4830bee	62960	778101	8192	32256	29808	0	101089	35136
84.92	23341ca4e4830bee	62960	778292	8192	32224	29824	0	101095	35168
84.74	23341ca4e4830bee	62960	778483	8192	32224	29824	0	101087	35168
84.92	23341ca4e4830bee	62960	778674	8192	32224	29824	0	101095	35168
84.92	23341ca4e4830bee	62960	778915	8320	32240	29808	0	101101	35120
84.92	23341ca4e4830bee	62960	779106	8320	32240	29808	0	101101	35120
84.74	23341ca4e4830bee	62960	779297	8320	32240	29808	0	101095	35120
84.74	23341ca4e4830bee	62960	779488	8320	32240	29808	0	101093	35120
84.74	23341ca4e4830bee	62960	779679	8320	32256	29808	0	101093	35136
84.92	23341ca4e4830bee	62960	779860	8320	32256	29808	0	101101	35136
84.92	23341ca4e4830bee	62960	780051	8320	32256	29808	0	101095	35136
84.74	23341ca4e4830bee	62960	780262	8320	32256	29808	0	101093	35136
84.74	23341ca4e4830bee	62960	780453	8320	32288	29808	0	101101	35216
84.74	23341ca4e4830bee	62960	780644	8320	32288	29808	0	101101	35216
84.74	23341ca4e4830bee	62960	780835	8320	32288	29808	0	101095	35216
84.74	23341ca4e4830bee	62960	781027	8320	32288	29808	0	101093	35056
84.92	23341ca4e4830bee	62960	781218	8320	32272	29824	0	101093	35056
84.92	23341ca4e4830bee	62960	781409	8320	32272	29824	0	101103	35056
84.74	23341ca4e4830bee	62960	781590	8320	32272	29824	0	101095	35056
84.74	23341ca4e4830bee	62960	781782	8320	32272	29792	0	101083	35200
84.74	23341ca4e4830bee	62960	781973	8320	32272	29792	0	101093	35200
84.74	23341ca4e4830bee	62960	782164	8320	32272	29792	0	101089	35200
84.74	23341ca4e4830bee	62960	782356	8320	32272	29792	0	101089	35200
84.74	23341ca4e4830bee	62960	782547	8320	32256	29744	0	101089	35136
84.92	23341ca4e4830bee	62960	782777	8320	32256	29744	0	101095	35136
84.74	23341ca4e4830bee	62960	782968	8320	32256	29744	0	101095	35136
84.92	23341ca4e4830bee	62960	783159	8192	32256	29744	0	101105	35136
84.74	23341ca4e4830bee	62960	783340	8192	32256	29808	0	101089	35120
84.92	23341ca4e4830bee	62960	783532	8192	32256	29808	0	101095	35120
84.92	23341ca4e4830bee	62960	783723	8192	32256	29808	0	101101	35120
84.92	23341ca4e4830bee	62976	783914	8320	32256	29808	0	101091	35168
84.92	23341ca4e4830bee	62976	784105	8320	32288	29808	0	101099	35168
84.92	23341ca4e4830bee	62976	784296	8320	32288	29808	0	101105	35168
84.92	23341ca4e4830bee	62976	784487	8320	32288	29808	0	101099	35168
84.92	23341ca4e4830bee	62960	784678	8320	32272	29808	0	101093	35120
84.92	23341ca4e4830bee	62960	784870	8320	32272	29808	0	101091	35120
84.92	23341ca4e4830bee	62960	785051	8320	32272	29808	0	101093	35120
84.92	23341ca4e4830bee	62960	785242	8320	32272	29808	0	101095	35120
84.92	23341ca4e4830bee	62960	785433	8320	32288	29808	0	101093	35120
84.92	23341ca4e4830bee	62960	785624	8320	32288	29808	0	101103	35120
84.92	23341ca4e4830bee	62960	785815	8320	32288	29808	0	101099	35120
84.92	23341ca4e4830bee	62960	786007	8320	32288	29808	0	101091	35120
84.92	23341ca4e4830bee	62960	786198	8320	32272	29840	0	101091	35184
84.92	23341ca4e4830bee	62960	786389	8320	32272	29840	0	101095	35184
84.92	23341ca4e4830bee	62960	786621	8320	32272	29840	0	101093	35184
84.92	23341ca4e4830bee	62960	786812	8320	32272	29840	0	101103	35200
84.92	23341ca4e4830bee	62960	787003	8320	32272	29792	0	101091	35200
84.92	23341ca4e4830bee	62960	787194	8320	32272	29792	0	101099	35200
84.92	23341ca4e4830bee	62960	787385	8320	32272	29792	0	101105	35200
84.92	23341ca4e4830bee	62960	787576	8320	32272	29776	0	101103	35168
84.92	23341ca4e4830bee	62960	787768	8320	32272	29776	0	101099	35168
84.92	23341ca4e4830bee	62960	787959	8320	32272	29776	0	101091	35168
84.92	23341ca4e4830bee	62960	788150	8320	32272	29776	0	101103	35168
84.92	23341ca4e4830bee	62960	788331	8320	32288	29808	0	101091	35200
84.92	23341ca4e4830bee	62960	788522	8320	32288	29808	0	101099	35200
84.92	23341ca4e4830bee	62960	788713	8320	32288	29808	0	101095	35200
84.92	23341ca4e4830bee	62960	788905	8320	32288	29808	0	101091	35200
84.92	23341ca4e4830bee	62960	789096	8320	32256	29776	0	101091	35184
84.92	23341ca4e4830bee	62960	789287	8320	32256	29776	0	101095	35184
84.92	23341ca4e4830bee	62960	789478	8320	32256	29776	0	101105	35184
84.92	23341ca4e4830bee	62960	789669	8320	32256	29776	0	101091	35184
84.92	23341ca4e4830bee	62960	789850	8320	32256	29808	0	101095	35136
84.92	23341ca4e4830bee	62960	790042	8320	32256	29808	0	101101	35136
84.92	23341ca4e4830bee	62960	790233	8320	32256	29808	0	101103	35136
84.92	23341ca4e4830bee	62960	790475	8192	32256	29792	0	101095	35104
84.92	23341ca4e4830bee	62960	790666	8192	32256	29792	0	101091	35104
84.92	23341ca4e4830bee	62960	790857	8192	32256	29792	0	101101	35104
84.92	23341ca4e4830bee	62960	791049	8192	32256	29792	0	101103	35104
84.92	23341ca4e4830bee	62960	791240	8320	32272	29792	0	101093	35136
84.92	23341ca4e4830bee	62960	791431	8320	32272	29792	0	101093	35136
84.92	23341ca4e4830bee	62960	791622	8320	32272	29792	0	101093	35136
84.92	23341ca4e4830bee	62960	791813	8320	32272	29792	0	101099	35136
84.92	23341ca4e4830bee	62960	792004	8320	32272	29792	0	101099	35136
84.92	23341ca4e4830bee	62960	792195	8320	32272	29792	0	101099	35136
84.92	23341ca4e4830bee	62960	792386	8320	32272	29792	0	101099	35136
84.92	23341ca4e4830bee	62960	792577	8320	32272	29792	0	101091	35168
84.92	23341ca4e4830bee	62960	792768	8320	32272	29760	0	101091	35168
84.92	23341ca4e4830bee	62960	792960	8320	32272	29760	0	101087	35168
84.92	23341ca4e4830bee	62960	793141	8320	32272	29760	0	101091	35168
84.92	23341ca4e4830bee	62960	793332	8320	32272	29760	0	101103	35152
84.92	23341ca4e4830bee	62960	793523	8320	32272	29808	0	101091	35152
84.92	23341ca4e4830bee	62960	793715	8320	32272	29808	0	101099	35152
84.92	23341ca4e4830bee	62960	793906	8320	32272	29808	0	101099	35152
84.92	23341ca4e4830bee	62960	794097	8320	32256	29808	0	101095	35168
84.92	23341ca4e4830bee	62960	794329	8320	32256	29808	0	101093	35168
84.92	23341ca4e4830bee	62960	794520	8320	32256	29808	0	101099	35168
84.92	23341ca4e4830bee	62960	794711	8320	32256	29808	0	101095	35168
84.92	23341ca4e4830bee	62960	794892	8320	32304	29776	0	101091	35168
84.92	23341ca4e4830bee	62960	795083	8320	32304	29776	0	101089	35168
84.92	23341ca4e4830bee	62960	795294	8320	32304	29776	0	101099	35168
84.92	23341ca4e4830bee	62960	795485	8320	32304	29776	0	101099	35168
84.92	23341ca4e4830bee	62960	795676	8320	32224	29792	0	101101	35168
84.92	23341ca4e4830bee	62960	795867	8320	32224	29792	0	101105	35168
84.92	23341ca4e4830bee	62960	796058	8320	32224	29792	0	101103	35168
84.92	23341ca4e4830bee	62960	796249	8192	32304	29792	0	101105	35168
84.92	23341ca4e4830bee	62960	796440	8192	32304	29792	0	101089	35168
84.92	23341ca4e4830bee	62960	796622	8192	32304	29792	0	101095	35168
84.92	23341ca4e4830bee	62960	796813	8192	32304	29792	0	101095	35168
84.92	23341ca4e4830bee	62960	797004	8320	32272	29808	0	101095	35120
84.92	23341ca4e4830bee	62960	797195	8320	32272	29808	0	101103	35120
84.74	23341ca4e4830bee	62960	797386	8320	32272	29808	0	101093	35120
84.74	23341ca4e4830bee	62960	797578	8320	32272	29808	0	101101	35120
84.92	23341ca4e4830bee	62960	797769	8320	32288	29808	0	101103	35120
84.92	23341ca4e4830bee	62960	797960	8320	32288	29808	0	101095	35120
84.92	23341ca4e4830bee	62960	798189	8320	32288	29808	0	101107	35120
84.74	23341ca4e4830bee	62960	798380	8320	32288	29808	0	101085	35168
84.74	23341ca4e4830bee	62960	798571	8320	32256	29824	0	101083	35168
84.74	23341ca4e4830bee	62960	798752	8320	32256	29824	0	101095	35168
84.92	23341ca4e4830bee	62960	798943	8320	32256	29824	0	101103	35168
84.74	23341ca4e4830bee	62960	799134	8320	32272	29792	0	101089	35136
84.74	23341ca4e4830bee	62960	799326	8320	32272	29792	0	101103	35136
84.92	23341ca4e4830bee	62960	799517	8320	32272	29792	0	101089	35136
84.74	23341ca4e4830bee	62960	799708	8320	32272	29792	0	101095	35136
84.74	23341ca4e4830bee	62960	799899	8320	32304	29792	0	101101	35200
84.74	23341ca4e4830bee	62960	800090	8320	32304	29792	0	101093	35200
84.92	23341ca4e4830bee	62960	800282	8320	32304	29792	0	101093	35200
84.92	23341ca4e4830bee	62960	800473	8320	32304	29792	0	101095	35200
84.92	23341ca4e4830bee	62960	800664	8320	32272	29792	0	101103	35152
84.74	23341ca4e4830bee	62960	800855	8320	32272	29792	0	101101	35152
84.92	23341ca4e4830bee	62960	801047	8320	32272	29792	0	101103	35152
84.74	23341ca4e4830bee	62960	801238	8320	32272	29792	0	101093	35184
84.74	23341ca4e4830bee	62960	801429	8320	32256	29808	0	101093	35184
84.74	23341ca4e4830bee	62960	801620	8320	32256	29808	0	101095	35184
84.92	23341ca4e4830bee	62960	801811	8320	32256	29808	0	101101	35184
84.92	23341ca4e4830bee	62960	802040	8320	32240	29776	0	101103	35232
84.92	23341ca4e4830bee	62960	802231	8320	32240	29776	0	101101	35232
84.92	23341ca4e4830bee	62960	802412	8320	32240	29776	0	101105	35232
84.92	23341ca4e4830bee	62960	802603	8320	32240	29776	0	101105	35232
84.92	23341ca4e4830bee	62960	802794	8320	32304	29824	0	101105	35168
84.74	23341ca4e4830bee	62960	802985	8320	32304	29824	0	101095	35168
84.74	23341ca4e4830bee	62960	803177	8320	32304	29824	0	101093	35168
84.74	23341ca4e4830bee	62960	803368	8320	32304	29824	0	101089	35168
84.92	23341ca4e4830bee	62960	803559	8320	32272	29792	0	101089	35184
84.92	23341ca4e4830bee	62960	803750	8320	32272	29792	0	101089	35184
84.74	23341ca4e4830bee	62960	803941	8320	32272	29792	0	101081	35184
84.74	23341ca4e4830bee	62960	804132	8320	32272	29792	0	101077	35104
84.74	23341ca4e4830bee	62960	804323	8320	32272	29792	0	101095	35104
84.92	23341ca4e4830bee	62960	804514	8320	32272	29792	0	101089	35104
84.92	23341ca4e4830bee	62960	804706	8320	32272	29792	0	101095	35104
84.92	23341ca4e4830bee	62960	804897	8192	32272	29792	0	101107	35120
84.74	23341ca4e4830bee	62960	805088	8192	32272	29792	0	101095	35120
84.74	23341ca4e4830bee	62960	805280	8192	32272	29792	0	101085	35120
84.74	23341ca4e4830bee	62960	805471	8192	32272	29792	0	101089	35120
84.92	23341ca4e4830bee	62960	805652	8320	32288	29792	0	101093	35200
84.74	23341ca4e4830bee	62960	805895	8320	32288	29792	0	101089	35200
84.92	23341ca4e4830bee	62960	806086	8320	32288	29792	0	101089	35200
84.74	23341ca4e4830bee	62960	806278	8192	32288	29792	0	101095	35200
84.74	23341ca4e4830bee	62960	806469	8192	32304	29792	0	101083	35152
84.74	23341ca4e4830bee	62960	806660	8192	32304	29792	0	101101	35152
84.92	23341ca4e4830bee	62960	806851	8192	32304	29792	0	101101	35152
84.74	23341ca4e4830bee	62960	807042	8320	32304	29792	0	101087	35168
84.92	23341ca4e4830bee	62960	807234	8320	32272	29792	0	101107	35168
84.74	23341ca4e4830bee	62960	807425	8320	32272	29792	0	101087	35168
84.92	23341ca4e4830bee	62960	807616	8320	32272	29792	0	101093	35168
84.74	23341ca4e4830bee	62960	807807	8320	32272	29808	0	101089	35104
84.74	23341ca4e4830bee	62960	807999	8320	32272	29808	0	101089	35104
84.92	23341ca4e4830bee	62960	808193	8320	32272	29808	0	101099	35104
84.92	23341ca4e4830bee	62960	808384	8320	32272	29808	0	101093	35104
84.74	23341ca4e4830bee	62960	808576	8320	32272	29808	0	101091	35120
84.74	23341ca4e4830bee	62960	808767	8320	32272	29808	0	101103	35120
84.92	23341ca4e4830bee	62960	808958	8320	32272	29808	0	101111	35120
84.74	23341ca4e4830bee	62960	809149	8320	32272	29808	0	101095	35120
84.74	23341ca4e4830bee	62960	809340	8320	32240	29808	0	101095	35184
84.92	23341ca4e4830bee	62960	809532	8320	32240	29808	0	101095	35184
84.92	23341ca4e4830bee	62960	809761	8320	32240	29808	0	101099	35184
84.92	23341ca4e4830bee	62960	809952	8320	32256	29808	0	101101	35088
84.74	23341ca4e4830bee	62960	810134	8320	32256	29808	0	101093	35088
84.92	23341ca4e4830bee	62960	810325	8320	32256	29808	0	101099	35088
84.92	23341ca4e4830bee	62960	810516	8320	32256	29808	0	101093	35088
84.92	23341ca4e4830bee	62960	810707	8320	32288	29824	0	101091	35184
84.92	23341ca4e4830bee	62960	810898	8320	32288	29824	0	101089	35184
84.74	23341ca4e4830bee	62960	811089	8320	32288	29824	0	101085	35184
84.92	23341ca4e4830bee	62960	811281	8320	32288	29824	0	101099	35184
84.92	23341ca4e4830bee	62960	811472	8320	32304	29760	0	101091	35088
84.92	23341ca4e4830bee	62960	811663	8320	32304	29760	0	101099	35088
84.92	23341ca4e4830bee	62960	811854	8320	32304	29760	0	101093	35088
84.92	23341ca4e4830bee	62960	812045	8320	32304	29760	0	101095	35088
84.92	23341ca4e4830bee	62960	812236	8320	32304	29808	0	101099	35136
84.92	23341ca4e4830bee	62960	812428	8320	32304	29808	0	101091	35136
84.92	23341ca4e4830bee	62960	812619	8320	32304	29808	0	101089	35136
84.92	23341ca4e4830bee	62960	812810	8320	32304	29808	0	101093	35216
84.92	23341ca4e4830bee	62960	813001	8320	32272	29840	0	101095	35216
84.92	23341ca4e4830bee	62960	813192	8320	32272	29840	0	101093	35216
84.92	23341ca4e4830bee	62960	813374	8320	32272	29840	0	101091	35216
84.92	23341ca4e4830bee	62960	813612	8320	32288	29776	0	101103	35120
84.92	23341ca4e4830bee	62960	813803	8320	32288	29776	0	101091	35120
84.92	23341ca4e4830bee	62960	813994	8320	32288	29776	0	101103	35120
84.92	23341ca4e4830bee	62960	814186	8320	32288	29776	0	101091	35120
84.92	23341ca4e4830bee	62944	814377	8320	32256	29808	0	101105	35104
84.92	23341ca4e4830bee	62944	814568	8320	32256	29808	0	101095	35104
84.92	23341ca4e4830bee	62944	814759	8320	32256	29808	0	101087	35104
84.92	23341ca4e4830bee	62944	814950	8320	32256	29808	0	101087	35104
84.92	23341ca4e4830bee	62944	815145	8320	32224	29856	0	101085	35120
84.92	23341ca4e4830bee	62944	815337	8320	32224	29856	0	101091	35120
84.92	23341ca4e4830bee	62944	815528	8320	32224	29856	0	101081	35120
84.92	23341ca4e4830bee	62944	815719	8320	32224	29856	0	101093	35104
84.92	23341ca4e4830bee	62944	815910	8320	32240	29776	0	101095	35104
84.92	23341ca4e4830bee	62944	816101	8320	32240	29776	0	101091	35104
84.92	23341ca4e4830bee	62944	816293	8320	32240	29776	0	101093	35104
84.92	23341ca4e4830bee	62960	816474	8320	32304	29824	0	101081	35136
84.92	23341ca4e4830bee	62960	816665	8320	32304	29824	0	101103	35136
84.92	23341ca4e4830bee	62960	816856	8320	32304	29824	0	101091	35136
84.92	23341ca4e4830bee	62960	817047	8320	32304	29824	0	101085	35136
84.92	23341ca4e4830bee	62960	817239	8320	32224	29824	0	101091	35120
84.92	23341ca4e4830bee	62960	817483	8320	32224	29824	0	101085	35120
84.92	23341ca4e4830bee	62960	817664	8320	32224	29824	0	101095	35120
84.92	23341ca4e4830bee	62960	817855	8320	32224	29824	0	101085	35088
84.92	23341ca4e4830bee	62960	818046	8320	32240	29840	0	101095	35088
84.92	23341ca4e4830bee	62960	818237	8320	32240	29840	0	101091	35088
84.92	23341ca4e4830bee	62960	818429	8320	32240	29840	0	101091	35088
84.92	23341ca4e4830bee	62944	818620	8320	32272	29840	0	101091	35232
84.92	23341ca4e4830bee	62944	818811	8320	32272	29776	0	101095	35232
84.92	23341ca4e4830bee	62944	819002	8320	32272	29776	0	101091	35232
84.92	23341ca4e4830bee	62944	819193	8320	32272	29776	0	101093	35232
84.92	23341ca4e4830bee	62960	819374	8192	32256	29760	0	101095	35200
84.92	23341ca4e4830bee	62960	819565	8192	32256	29760	0	101099	35200
84.92	23341ca4e4830bee	62960	819756	8192	32256	29760	0	101093	35200
84.92	23341ca4e4830bee	62960	819947	8192	32256	29760	0	101091	35200
84.92	23341ca4e4830bee	62944	820147	8320	32240	29808	0	101095	35184
84.92	23341ca4e4830bee	62944	820338	8320	32240	29808	0	101093	35184
84.92	23341ca4e4830bee	62944	820530	8320	32240	29808	0	101087	35184
84.92	23341ca4e4830bee	62944	820721	8320	32240	29808	0	101081	35184
84.92	23341ca4e4830bee	62944	820912	8320	32272	29808	0	101089	35184
84.92	23341ca4e4830bee	62944	821104	8320	32272	29808	0	101099	35184
84.92	23341ca4e4830bee	62944	821333	8320	32272	29808	0	101099	35184
84.92	23341ca4e4830bee	62944	821524	8320	32288	29792	0	101103	35184
84.92	23341ca4e4830bee	62944	821705	8320	32288	29792	0	101099	35184
84.92	23341ca4e4830bee	62944	821896	8320	32288	29792	0	101099	35184
84.92	23341ca4e4830bee	62944	822087	8320	32288	29792	0	101103	35184
84.92	23341ca4e4830bee	62944	822290	8320	32304	29792	0	101091	35104
84.92	23341ca4e4830bee	62944	822481	8320	32304	29792	0	101095	35104
84.92	23341ca4e4830bee	62944	822672	8320	32304	29792	0	101091	35104
84.92	23341ca4e4830bee	62944	822863	8320	32304	29792	0	101091	35104
84.92	23341ca4e4830bee	62944	823054	8320	32320	29808	0	101087	35184
84.92	23341ca4e4830bee	62944	823235	8320	32320	29808	0	101089	35184
84.92	23341ca4e4830bee	62944	823426	8320	32320	29808	0	101105	35184
84.92	23341ca4e4830bee	62944	823617	8320	32320	29808	0	101083	35184
84.92	23341ca4e4830bee	62944	823809	8320	32288	29808	0	101101	35184
84.92	23341ca4e4830bee	62944	824000	8320	32288	29808	0	101091	35184
84.92	23341ca4e4830bee	62944	824191	8320	32288	29808	0	101091	35184
84.92	23341ca4e4830bee	62960	824382	8320	32288	29808	0	101091	35152
84.92	23341ca4e4830bee	62960	824573	8320	32288	29776	0	101093	35152
84.92	23341ca4e4830bee	62960	824755	8320	32288	29776	0	101091	35152
84.92	23341ca4e4830bee	62960	824946	8320	32288	29776	0	101087	35152
84.92	23341ca4e4830bee	62944	825185	8192	32256	29824	0	101091	35232
84.92	23341ca4e4830bee	62944	825376	8192	32256	29824	0	101093	35232
84.92	23341ca4e4830bee	62944	825567	8192	32256	29824	0	101091	35232
84.92	23341ca4e4830bee	62944	825758	8192	32256	29824	0	101093	35232
84.92	23341ca4e4830bee	62944	825949	8320	32240	29824	0	101099	35088
84.92	23341ca4e4830bee	62944	826140	8320	32240	29824	0	101083	35088
84.92	23341ca4e4830bee	62944	826332	8320	32240	29824	0	101091	35088
84.92	23341ca4e4830bee	62944	826523	8320	32240	29824	0	101101	35216
84.92	23341ca4e4830bee	62960	826714	8320	32272	29808	0	101087	35216
84.92	23341ca4e4830bee	62960	826895	8320	32272	29808	0	101101	35216
84.92	23341ca4e4830bee	62960	827086	8320	32272	29808	0	101095	35216
84.92	23341ca4e4830bee	62944	827278	8192	32272	29808	0	101083	35040
84.92	23341ca4e4830bee	62944	827469	8192	32272	29808	0	101099	35040
84.92	23341ca4e4830bee	62944	827660	8192	32272	29808	0	101095	35040
84.92	23341ca4e4830bee	62944	827851	8192	32272	29808	0	101095	35040
84.92	23341ca4e4830bee	62960	828042	8320	32256	29808	0	101091	35152
84.92	23341ca4e4830bee	62960	828234	8320	32256	29808	0	101103	35152
84.92	23341ca4e4830bee	62960	828425	8320	32256	29808	0	101101	35152
84.92	23341ca4e4830bee	62960	828616	8320	32256	29808	0	101089	35152
84.92	23341ca4e4830bee	62960	828807	8320	32288	29792	0	101089	35200
84.92	23341ca4e4830bee	62960	829047	8320	32288	29792	0	101087	35200
84.92	23341ca4e4830bee	62960	829242	8320	32288	29792	0	101091	35200
84.92	23341ca4e4830bee	62960	829433	8320	32288	29792	0	101095	35216
84.92	23341ca4e4830bee	62960	829624	8320	32272	29808	0	101091	35216
84.92	23341ca4e4830bee	62960	829805	8320	32272	29808	0	101091	35216
84.92	23341ca4e4830bee	62960	829996	8320	32272	29808	0	101089	35216
84.92	23341ca4e4830bee	62960	830187	8320	32288	29824	0	101091	35088
84.92	23341ca4e4830bee	62960	830379	8320	32288	29824	0	101095	35088
84.92	23341ca4e4830bee	62960	830570	8320	32288	29824	0	101099	35088
84.92	23341ca4e4830bee	62960	830761	8320	32288	29824	0	101095	35088
84.92	23341ca4e4830bee	62944	830952	8320	32272	29840	0	101087	35184
84.92	23341ca4e4830bee	62944	831143	8320	32272	29840	0	101091	35184
84.92	23341ca4e4830bee	62944	831334	8320	32272	29840	0	101089	35184
84.92	23341ca4e4830bee	62944	831515	8320	32272	29840	0	101095	35184
84.92	23341ca4e4830bee	62960	831707	8320	32272	29760	0	101093	35136
84.92	23341ca4e4830bee	62960	831898	8320	32272	29760	0	101089	35136
84.92	23341ca4e4830bee	62960	832089	8320	32272	29760	0	101091	35136
84.92	23341ca4e4830bee	62960	832281	8320	32272	29760	0	101087	35136
84.92	23341ca4e4830bee	62960	832472	8320	32256	29808	0	101093	35168
84.92	23341ca4e4830bee	62960	832663	8320	32256	29808	0	101091	35168
84.92	23341ca4e4830bee	62960	832894	8320	32256	29808	0	101095	35168
84.92	23341ca4e4830bee	62960	833085	8320	32256	29792	0	101099	35216
84.92	23341ca4e4830bee	62960	833266	8320	32256	29792	0	101095	35216
84.92	23341ca4e4830bee	62960	833457	8320	32256	29792	0	101081	35216
84.92	23341ca4e4830bee	62960	833649	8320	32256	29792	0	101091	35216
84.92	23341ca4e4830bee	62944	833840	8320	32256	29776	0	101095	35184
84.92	23341ca4e4830bee	62944	834031	8320	32256	29776	0	101103	35184
84.92	23341ca4e4830bee	62944	834222	8320	32256	29776	0	101103	35184
84.92	23341ca4e4830bee	62944	834413	8320	32256	29776	0	101095	35184
84.92	23341ca4e4830bee	62960	834604	8320	32272	29808	0	101089	35200
84.92	23341ca4e4830bee	62960	834795	8320	32272	29808	0	101091	35200
84.92	23341ca4e4830bee	62960	834987	8320	32272	29808	0	101095	35200
84.92	23341ca4e4830bee	62960	835178	8320	32272	29808	0	101095	35200
84.92	23341ca4e4830bee	62960	835369	8320	32288	29776	0	101095	35248
84.92	23341ca4e4830bee	62960	835560	8320	32288	29776	0	101091	35248
84.92	23341ca4e4830bee	62960	835751	8320	32288	29776	0	101099	35248
84.92	23341ca4e4830bee	62960	835942	8320	32288	29776	0	101103	35232
84.92	23341ca4e4830bee	62960	836134	8320	32272	29808	0	101085	35232
84.92	23341ca4e4830bee	62960	836325	8320	32272	29808	0	101089	35232
84.92	23341ca4e4830bee	62960	836506	8320	32272	29808	0	101089	35232
84.92	23341ca4e4830bee	62960	836735	8320	32272	29776	0	101091	35136
84.92	23341ca4e4830bee	62960	836916	8320	32272	29776	0	101091	35136
84.92	23341ca4e4830bee	62960	837107	8320	32272	29776	0	101085	35136
84.92	23341ca4e4830bee	62960	837298	8320	32272	29776	0	101095	35136
84.92	23341ca4e4830bee	62944	837489	8320	32288	29792	0	101085	35248
84.92	23341ca4e4830bee	62944	837680	8320	32288	29792	0	101091	35248
84.92	23341ca4e4830bee	62944	837871	8320	32288	29792	0	101089	35248
84.92	23341ca4e4830bee	62944	838062	8320	32288	29792	0	101099	35248
84.92	23341ca4e4830bee	62944	838263	8320	32288	29776	0	101091	35200
84.92	23341ca4e4830bee	62944	838454	8320	32288	29776	0	101099	35200
84.92	23341ca4e4830bee	62944	838645	8320	32288	29776	0	101099	35200
84.92	23341ca4e4830bee	62960	838836	8320	32288	29776	0	101091	35104
84.92	23341ca4e4830bee	62960	839027	8320	32272	29824	0	101091	35104
84.92	23341ca4e4830bee	62960	839218	8320	32272	29824	0	101095	35104
84.92	23341ca4e4830bee	62960	839409	8320	32272	29824	0	101095	35104
84.92	23341ca4e4830bee	62944	839601	8320	32272	29808	0	101091	35136
84.92	23341ca4e4830bee	62944	839792	8320	32272	29808	0	101083	35136
84.92	23341ca4e4830bee	62944	839983	8320	32272	29808	0	101095	35136
84.92	23341ca4e4830bee	62944	840175	8320	32272	29808	0	101083	35136
84.92	23341ca4e4830bee	62944	840366	8320	32256	29808	0	101099	35136
84.92	23341ca4e4830bee	62944	840595	8320	32256	29808	0	101095	35136
84.92	23341ca4e4830bee	62944	840786	8320	32256	29808	0	101095	35136
84.92	23341ca4e4830bee	62944	840977	8320	32256	29808	0	101087	35248
84.92	23341ca4e4830bee	62960	841169	8320	32288	29808	0	101095	35248
84.92	23341ca4e4830bee	62960	841360	8320	32288	29808	0	101103	35248
84.92	23341ca4e4830bee	62960	841551	8320	32288	29808	0	101099	35248
84.92	23341ca4e4830bee	62960	841742	8320	32240	29808	0	101089	35168
84.92	23341ca4e4830bee	62960	841933	8320	32240	29792	0	101091	35168
84.92	23341ca4e4830bee	62960	842136	8320	32240	29792	0	101099	35168
84.92	23341ca4e4830bee	62960	842327	8320	32240	29792	0	101099	35168
84.92	23341ca4e4830bee	62960	842518	8320	32272	29824	0	101099	35088
84.92	23341ca4e4830bee	62960	842710	8320	32272	29824	0	101089	35088
84.92	23341ca4e4830bee	62960	842901	8320	32272	29824	0	101083	35088
84.92	23341ca4e4830bee	62960	843098	8320	32272	29824	0	101085	35088
84.92	23341ca4e4830bee	62960	843289	8320	32240	29808	0	101089	35104
84.92	23341ca4e4830bee	62960	843480	8320	32240	29808	0	101099	35104
84.92	23341ca4e4830bee	62960	843672	8320	32240	29808	0	101095	35104
84.92	23341ca4e4830bee	62960	843863	8320	32240	29808	0	101095	35104
84.92	23341ca4e4830bee	62960	844054	8320	32256	29792	0	101085	35120
84.92	23341ca4e4830bee	62960	844253	8320	32256	29792	0	101091	35120
84.92	23341ca4e4830bee	62960	844491	8320	32256	29792	0	101095	35120
84.92	23341ca4e4830bee	62944	844682	8320	32256	29808	0	101087	35136
84.92	23341ca4e4830bee	62944	844873	8320	32256	29808	0	101087	35136
84.92	23341ca4e4830bee	62944	845064	8320	32256	29808	0	101091	35136
84.92	23341ca4e4830bee	62944	845255	8320	32256	29808	0	101099	35136
84.92	23341ca4e4830bee	62944	845446	8320	32304	29792	0	101089	35216
84.92	23341ca4e4830bee	62944	845627	8320	32304	29792	0	101089	35216
84.92	23341ca4e4830bee	62944	845818	8320	32304	29792	0	101095	35216
84.92	23341ca4e4830bee	62944	846009	8320	32304	29792	0	101095	35216
84.92	23341ca4e4830bee	62960	846203	8320	32304	29824	0	101089	35200
84.92	23341ca4e4830bee	62960	846394	8320	32304	29824	0	101093	35200
84.92	23341ca4e4830bee	62960	846585	8320	32304	29824	0	101099	35200
84.92	23341ca4e4830bee	62944	846777	8320	32304	29824	0	101091	35072
84.92	23341ca4e4830bee	62944	846958	8320	32272	29792	0	101091	35072
84.92	23341ca4e4830bee	62944	847149	8320	32272	29792	0	101099	35072
84.92	23341ca4e4830bee	62944	847370	8320	32272	29792	0	101095	35072
84.92	23341ca4e4830bee	62960	847561	8320	32272	29792	0	101091	35264
84.92	23341ca4e4830bee	62960	847752	8320	32272	29792	0	101089	35264
84.92	23341ca4e4830bee	62960	847944	8320	32272	29792	0	101101	35264
84.92	23341ca4e4830bee	62960	848135	8320	32272	29792	0	101089	35264
84.92	23341ca4e4830bee	62960	848365	8320	32224	29808	0	101093	35200
84.92	23341ca4e4830bee	62960	848556	8320	32224	29808	0	101093	35200
84.92	23341ca4e4830bee	62960	848747	8320	32224	29808	0	101103	35200
84.92	23341ca4e4830bee	62960	848928	8320	32224	29808	0	101093	35216
84.92	23341ca4e4830bee	62960	849119	8320	32208	29824	0	101087	35216
84.92	23341ca4e4830bee	62960	849310	8320	32208	29824	0	101089	35216
84.92	23341ca4e4830bee	62960	849501	8320	32208	29824	0	101093	35216
84.92	23341ca4e4830bee	62960	849692	8320	32288	29824	0	101093	35136
84.92	23341ca4e4830bee	62960	849883	8320	32288	29776	0	101089	35136
84.92	23341ca4e4830bee	62960	850075	8320	32288	29776	0	101093	35136
84.92	23341ca4e4830bee	62960	850266	8320	32288	29776	0	101105	35136
84.92	23341ca4e4830bee	62960	850457	8320	32272	29840	0	101091	35216
84.92	23341ca4e4830bee	62960	850638	8320	32272	29840	0	101083	35216
84.92	23341ca4e4830bee	62960	850829	8320	32272	29840	0	101093	35216
84.92	23341ca4e4830bee	62960	851020	8320	32272	29840	0	101087	35216
84.92	23341ca4e4830bee	62960	851211	8320	32272	29808	0	101091	35104
84.92	23341ca4e4830bee	62960	851403	8320	32272	29808	0	101089	35104
84.92	23341ca4e4830bee	62960	851594	8320	32272	29808	0	101087	35104
84.92	23341ca4e4830bee	62960	851786	8320	32272	29808	0	101091	35104
84.92	23341ca4e4830bee	62960	851977	8320	32272	29808	0	101087	35184
84.92	23341ca4e4830bee	62960	852207	8320	32272	29808	0	101087	35184
84.92	23341ca4e4830bee	62960	852388	8320	32272	29808	0	101087	35184
84.92	23341ca4e4830bee	62960	852579	8320	32256	29808	0	101091	35216
84.92	23341ca4e4830bee	62960	852770	8320	32256	29792	0	101091	35216
84.92	23341ca4e4830bee	62960	852962	8320	32256	29792	0	101099	35216
84.92	23341ca4e4830bee	62960	853156	8320	32256	29792	0	101095	35216
84.92	23341ca4e4830bee	62960	853347	8320	32224	29808	0	101101	35120
84.92	23341ca4e4830bee	62960	853528	8320	32224	29808	0	101101	35120
84.92	23341ca4e4830bee	62960	853719	8320	32224	29808	0	101095	35120
84.92	23341ca4e4830bee	62960	853911	8320	32224	29808	0	101099	35120
84.92	23341ca4e4830bee	62960	854102	8320	32208	29824	0	101091	35136
84.92	23341ca4e4830bee	62960	854293	8320	32208	29824	0	101091	35136
84.92	23341ca4e4830bee	62960	854484	8320	32208	29824	0	101095	35136
84.92	23341ca4e4830bee	62960	854675	8192	32208	29824	0	101089	35136
84.92	23341ca4e4830bee	62960	854866	8192	32272	29776	0	101089	35136
84.92	23341ca4e4830bee	62960	855057	8192	32272	29776	0	101087	35136
84.92	23341ca4e4830bee	62960	855258	8192	32272	29776	0	101089	35136
84.92	23341ca4e4830bee	62960	855450	8192	32272	29776	0	101087	35104
84.92	23341ca4e4830bee	62960	855641	8192	32256	29824	0	101087	35104
84.92	23341ca4e4830bee	62960	855832	8192	32256	29824	0	101091	35104
84.92	23341ca4e4830bee	62960	856079	8192	32256	29824	0	101103	35104
84.92	23341ca4e4830bee	62960	856270	8320	32272	29792	0	101091	35184
84.92	23341ca4e4830bee	62960	856461	8320	32272	29792	0	101091	35184
84.92	23341ca4e4830bee	62960	856652	8320	32272	29792	0	101095	35184
84.92	23341ca4e4830bee	62960	856843	8320	32272	29792	0	101095	35184
84.92	23341ca4e4830bee	62960	857035	8320	32288	29792	0	101087	35200
84.92	23341ca4e4830bee	62960	857226	8320	32288	29792	0	101099	35200
84.92	23341ca4e4830bee	62960	857417	8320	32288	29792	0	101091	35200
84.92	23341ca4e4830bee	62960	857608	8320	32288	29792	0	101091	35200
84.92	23341ca4e4830bee	62960	857789	8320	32256	29792	0	101099	35200
84.92	23341ca4e4830bee	62960	857981	8320	32256	29792	0	101093	35200
84.92	23341ca4e4830bee	62960	858172	8320	32256	29792	0	101091	35200
84.92	23341ca4e4830bee	62960	858363	8320	32272	29792	0	101095	35184
84.92	23341ca4e4830bee	62960	858554	8320	32272	29792	0	101087	35184
84.92	23341ca4e4830bee	62960	858745	8320	32272	29792	0	101087	35184
84.92	23341ca4e4830bee	62960	858936	8320	32272	29792	0	101099	35184
84.92	23341ca4e4830bee	62960	859128	8320	32288	29792	0	101095	35168
84.92	23341ca4e4830bee	62960	859309	8320	32288	29792	0	101089	35168
84.92	23341ca4e4830bee	62960	859500	8320	32288	29792	0	101091	35168
84.92	23341ca4e4830bee	62960	859691	8320	32288	29792	0	101095	35168