Digit_temp	id	light	timestamp	acc_z	acc_y	acc_x	motion	pressure	humid
85.1	23341ca4e4830bee	63024	2413475	8320	32240	29840	0	101069	35072
85.1	23341ca4e4830bee	63024	2413666	8320	32240	29840	0	101067	35072
85.1	23341ca4e4830bee	63024	2413847	8320	32240	29840	0	101079	35072
85.1	23341ca4e4830bee	63024	2414038	8320	32240	29840	0	101069	35072
85.1	23341ca4e4830bee	63024	2414229	8320	32272	29872	0	101067	35136
85.1	23341ca4e4830bee	63024	2414420	8320	32272	29872	0	101065	35136
85.1	23341ca4e4830bee	63024	2414611	8320	32272	29872	0	101075	35136
85.1	23341ca4e4830bee	63024	2414802	8320	32272	29872	0	101069	35136
85.1	23341ca4e4830bee	63024	2414993	8320	32272	29856	0	101069	35200
85.1	23341ca4e4830bee	63024	2415184	8320	32272	29856	0	101067	35200
85.1	23341ca4e4830bee	63024	2415375	8320	32272	29856	0	101065	35200
85.1	23341ca4e4830bee	63024	2415566	8448	32272	29856	0	101069	35248
85.1	23341ca4e4830bee	63024	2415757	8448	32240	29856	0	101075	35248
85.1	23341ca4e4830bee	63024	2415948	8448	32240	29856	0	101065	35248
85.1	23341ca4e4830bee	63024	2416139	8448	32240	29856	0	101079	35248
85.1	23341ca4e4830bee	63024	2416330	8320	32240	29840	0	101075	35248
85.1	23341ca4e4830bee	63024	2416522	8320	32240	29840	0	101065	35248
85.1	23341ca4e4830bee	63024	2416713	8320	32240	29840	0	101067	35248
85.1	23341ca4e4830bee	63024	2416904	8320	32240	29840	0	101075	35248
85.1	23341ca4e4830bee	63024	2417095	8320	32240	29840	0	101069	35200
85.1	23341ca4e4830bee	63024	2417324	8320	32240	29840	0	101067	35200
85.1	23341ca4e4830bee	63024	2417515	8320	32240	29840	0	101075	35200
85.1	23341ca4e4830bee	63024	2417706	8320	32240	29840	0	101067	35200
85.1	23341ca4e4830bee	63024	2417887	8320	32272	29840	0	101073	35072
85.1	23341ca4e4830bee	63024	2418078	8320	32272	29840	0	101073	35072
85.1	23341ca4e4830bee	63024	2418270	8320	32272	29840	0	101073	35072
85.1	23341ca4e4830bee	63024	2418461	8320	32272	29840	0	101073	35232
85.1	23341ca4e4830bee	63024	2418652	8320	32256	29840	0	101069	35232
85.1	23341ca4e4830bee	63024	2418843	8320	32256	29840	0	101073	35232
85.1	23341ca4e4830bee	63024	2419034	8320	32256	29840	0	101063	35232
85.1	23341ca4e4830bee	63024	2419225	8320	32256	29824	0	101071	35200
85.1	23341ca4e4830bee	63024	2419416	8320	32256	29824	0	101079	35200
85.1	23341ca4e4830bee	63024	2419597	8320	32256	29824	0	101081	35200
85.1	23341ca4e4830bee	63024	2419788	8320	32256	29824	0	101061	35200
85.1	23341ca4e4830bee	63024	2419980	8320	32320	29824	0	101069	35168
85.1	23341ca4e4830bee	63024	2420171	8320	32320	29824	0	101079	35168
85.1	23341ca4e4830bee	63024	2420362	8320	32320	29824	0	101067	35168
85.1	23341ca4e4830bee	63024	2420553	8320	32320	29824	0	101067	35168
85.1	23341ca4e4830bee	63008	2420744	8320	32256	29840	0	101075	35216
85.1	23341ca4e4830bee	63008	2420936	8320	32256	29840	0	101073	35216
85.1	23341ca4e4830bee	63008	2421161	8320	32256	29840	0	101067	35216
85.1	23341ca4e4830bee	63024	2421352	8448	32256	29840	0	101069	35136
85.1	23341ca4e4830bee	63024	2421543	8448	32288	29824	0	101069	35136
85.1	23341ca4e4830bee	63024	2421734	8448	32288	29824	0	101067	35136
85.1	23341ca4e4830bee	63024	2421925	8448	32288	29824	0	101067	35136
85.1	23341ca4e4830bee	63008	2422116	8320	32256	29808	0	101073	35136
85.1	23341ca4e4830bee	63008	2422297	8320	32256	29808	0	101075	35136
85.1	23341ca4e4830bee	63008	2422488	8320	32256	29808	0	101063	35136
85.1	23341ca4e4830bee	63008	2422679	8320	32256	29808	0	101069	35136
85.1	23341ca4e4830bee	63024	2422870	8320	32256	29824	0	101069	35120
85.1	23341ca4e4830bee	63024	2423061	8320	32256	29824	0	101075	35120
85.1	23341ca4e4830bee	63024	2423253	8320	32256	29824	0	101075	35120
85.1	23341ca4e4830bee	63024	2423444	8320	32256	29824	0	101085	35120
85.1	23341ca4e4830bee	63008	2423636	8448	32272	29824	0	101069	35120
85.1	23341ca4e4830bee	63008	2423827	8448	32272	29824	0	101069	35120
85.1	23341ca4e4830bee	63008	2424008	8448	32272	29824	0	101069	35120
85.1	23341ca4e4830bee	63008	2424199	8320	32272	29824	0	101067	35120
85.1	23341ca4e4830bee	63024	2424391	8320	32288	29840	0	101069	35104
85.1	23341ca4e4830bee	63024	2424582	8320	32288	29840	0	101067	35104
85.1	23341ca4e4830bee	63024	2424773	8320	32288	29840	0	101069	35104
85.1	23341ca4e4830bee	63024	2425015	8448	32288	29808	0	101071	35216
85.1	23341ca4e4830bee	63024	2425206	8448	32288	29808	0	101063	35216
85.1	23341ca4e4830bee	63024	2425397	8448	32288	29808	0	101073	35216
85.1	23341ca4e4830bee	63024	2425578	8448	32288	29808	0	101067	35216
85.1	23341ca4e4830bee	63024	2425769	8320	32272	29840	0	101071	35104
85.1	23341ca4e4830bee	63024	2425960	8320	32272	29840	0	101073	35104
85.1	23341ca4e4830bee	63024	2426151	8320	32272	29840	0	101075	35104
85.1	23341ca4e4830bee	63024	2426346	8320	32272	29840	0	101067	35104
85.1	23341ca4e4830bee	63024	2426537	8320	32256	29872	0	101073	35184
85.1	23341ca4e4830bee	63024	2426718	8320	32256	29872	0	101073	35184
85.1	23341ca4e4830bee	63024	2426909	8320	32256	29872	0	101079	35184
85.1	23341ca4e4830bee	63024	2427100	8320	32256	29872	0	101065	35184
85.1	23341ca4e4830bee	63024	2427291	8320	32256	29824	0	101067	35072
85.1	23341ca4e4830bee	63024	2427482	8320	32256	29824	0	101075	35072
85.1	23341ca4e4830bee	63024	2427674	8320	32256	29824	0	101067	35072
85.1	23341ca4e4830bee	63024	2427865	8320	32256	29824	0	101079	35232
85.1	23341ca4e4830bee	63024	2428056	8320	32304	29840	0	101071	35232
85.1	23341ca4e4830bee	63024	2428247	8320	32304	29840	0	101065	35232
85.1	23341ca4e4830bee	63024	2428428	8320	32304	29840	0	101067	35232
85.1	23341ca4e4830bee	63024	2428620	8320	32288	29840	0	101067	35184
85.1	23341ca4e4830bee	63024	2428865	8320	32288	29840	0	101071	35184
85.1	23341ca4e4830bee	63024	2429056	8320	32288	29840	0	101073	35184
85.1	23341ca4e4830bee	63024	2429247	8320	32288	29840	0	101071	35184
85.1	23341ca4e4830bee	63024	2429428	8320	32288	29808	0	101071	35104
85.1	23341ca4e4830bee	63024	2429619	8320	32288	29808	0	101071	35104
85.1	23341ca4e4830bee	63024	2429810	8320	32288	29808	0	101067	35104
85.1	23341ca4e4830bee	63024	2430001	8448	32288	29808	0	101071	35104
85.1	23341ca4e4830bee	63024	2430193	8448	32272	29808	0	101061	35184
85.1	23341ca4e4830bee	63024	2430385	8448	32272	29808	0	101061	35184
85.1	23341ca4e4830bee	63024	2430576	8448	32272	29808	0	101067	35184
85.1	23341ca4e4830bee	63024	2430767	8320	32240	29808	0	101065	35200
85.1	23341ca4e4830bee	63024	2430948	8320	32240	29808	0	101071	35200
85.1	23341ca4e4830bee	63024	2431140	8320	32240	29808	0	101071	35200
85.1	23341ca4e4830bee	63024	2431331	8320	32240	29808	0	101061	35200
85.1	23341ca4e4830bee	63024	2431522	8320	32288	29856	0	101061	35056
85.1	23341ca4e4830bee	63024	2431713	8320	32288	29856	0	101067	35056
85.1	23341ca4e4830bee	63024	2431904	8320	32288	29856	0	101073	35056
85.1	23341ca4e4830bee	63024	2432095	8320	32288	29856	0	101073	35056
85.1	23341ca4e4830bee	63024	2432287	8320	32288	29856	0	101073	35152
85.1	23341ca4e4830bee	63024	2432468	8320	32288	29856	0	101067	35152
85.1	23341ca4e4830bee	63024	2432712	8320	32288	29856	0	101071	35152
85.1	23341ca4e4830bee	63024	2432903	8320	32288	29856	0	101061	35104
85.1	23341ca4e4830bee	63024	2433094	8320	32272	29824	0	101073	35104
85.1	23341ca4e4830bee	63024	2433285	8320	32272	29824	0	101071	35104
85.1	23341ca4e4830bee	63024	2433476	8320	32272	29824	0	101071	35104
85.1	23341ca4e4830bee	63024	2433667	8320	32272	29872	0	101071	35248
85.1	23341ca4e4830bee	63024	2433848	8320	32272	29872	0	101071	35248
85.1	23341ca4e4830bee	63024	2434039	8320	32272	29872	0	101071	35248
85.1	23341ca4e4830bee	63024	2434230	8320	32272	29872	0	101067	35248
85.1	23341ca4e4830bee	63024	2434422	8320	32272	29872	0	101065	35280
85.1	23341ca4e4830bee	63024	2434613	8320	32272	29872	0	101067	35280
85.1	23341ca4e4830bee	63024	2434804	8320	32272	29872	0	101065	35280
85.1	23341ca4e4830bee	63024	2435001	8320	32272	29872	0	101063	35280
85.1	23341ca4e4830bee	63024	2435192	8448	32272	29840	0	101069	35248
85.1	23341ca4e4830bee	63024	2435383	8448	32272	29840	0	101069	35248
85.1	23341ca4e4830bee	63024	2435574	8448	32272	29840	0	101071	35248
85.1	23341ca4e4830bee	63024	2435766	8320	32272	29840	0	101071	35248
85.1	23341ca4e4830bee	63024	2435957	8320	32272	29872	0	101069	35040
85.1	23341ca4e4830bee	63024	2436148	8320	32272	29872	0	101065	35040
85.1	23341ca4e4830bee	63024	2436339	8320	32272	29872	0	101065	35040
85.1	23341ca4e4830bee	63024	2436578	8320	32256	29856	0	101067	35120
85.1	23341ca4e4830bee	63024	2436759	8320	32256	29856	0	101065	35120
85.1	23341ca4e4830bee	63024	2436951	8320	32256	29856	0	101063	35120
85.1	23341ca4e4830bee	63024	2437142	8320	32256	29856	0	101077	35120
85.1	23341ca4e4830bee	63024	2437333	8320	32240	29872	0	101075	35216
85.1	23341ca4e4830bee	63024	2437524	8320	32240	29872	0	101069	35216
85.1	23341ca4e4830bee	63024	2437715	8320	32240	29872	0	101065	35216
85.1	23341ca4e4830bee	63024	2437906	8320	32240	29872	0	101075	35216
85.1	23341ca4e4830bee	63024	2438098	8320	32256	29840	0	101065	35056
85.1	23341ca4e4830bee	63024	2438289	8320	32256	29840	0	101071	35056
85.1	23341ca4e4830bee	63024	2438480	8320	32256	29840	0	101063	35056
85.1	23341ca4e4830bee	63024	2438671	8320	32256	29840	0	101069	35056
85.1	23341ca4e4830bee	63024	2438862	8320	32240	29824	0	101065	35104
85.1	23341ca4e4830bee	63024	2439053	8320	32240	29824	0	101069	35104
85.1	23341ca4e4830bee	63024	2439244	8320	32240	29824	0	101071	35104
85.1	23341ca4e4830bee	63024	2439436	8320	32272	29824	0	101065	35216
85.1	23341ca4e4830bee	63024	2439627	8320	32272	29856	0	101059	35216
85.1	23341ca4e4830bee	63024	2439818	8320	32272	29856	0	101075	35216
85.1	23341ca4e4830bee	63024	2439999	8320	32272	29856	0	101065	35216
85.1	23341ca4e4830bee	63024	2440191	8320	32272	29808	0	101069	35248
85.1	23341ca4e4830bee	63024	2440430	8320	32272	29808	0	101075	35248
85.1	23341ca4e4830bee	63024	2440621	8320	32272	29808	0	101079	35248
85.1	23341ca4e4830bee	63024	2440812	8320	32272	29808	0	101065	35248
85.1	23341ca4e4830bee	63024	2441003	8320	32288	29856	0	101069	35264
85.1	23341ca4e4830bee	63024	2441195	8320	32288	29856	0	101075	35264
85.1	23341ca4e4830bee	63024	2441391	8320	32288	29856	0	101063	35264
85.1	23341ca4e4830bee	63024	2441582	8320	32288	29856	0	101063	35152
85.1	23341ca4e4830bee	63024	2441773	8320	32256	29856	0	101063	35152
85.1	23341ca4e4830bee	63024	2441964	8320	32256	29856	0	101065	35152
85.1	23341ca4e4830bee	63024	2442155	8320	32256	29856	0	101063	35152
85.1	23341ca4e4830bee	63024	2442347	8448	32288	29872	0	101069	35136
85.1	23341ca4e4830bee	63024	2442538	8448	32288	29872	0	101077	35136
85.1	23341ca4e4830bee	63024	2442734	8448	32288	29872	0	101075	35136
85.1	23341ca4e4830bee	63024	2442925	8448	32288	29872	0	101063	35136
85.1	23341ca4e4830bee	63024	2443116	8448	32240	29872	0	101063	35120
85.1	23341ca4e4830bee	63024	2443307	8448	32240	29872	0	101063	35120
85.1	23341ca4e4830bee	63024	2443498	8448	32240	29872	0	101067	35120
85.1	23341ca4e4830bee	63024	2443679	8448	32240	29872	0	101063	35120
85.1	23341ca4e4830bee	63024	2443871	8320	32272	29856	0	101063	35088
85.1	23341ca4e4830bee	63024	2444062	8320	32272	29856	0	101063	35088
85.1	23341ca4e4830bee	63024	2444305	8320	32272	29856	0	101063	35088
85.1	23341ca4e4830bee	63024	2444496	8320	32272	29856	0	101059	35168
85.1	23341ca4e4830bee	63024	2444687	8320	32272	29840	0	101069	35168
85.1	23341ca4e4830bee	63024	2444878	8320	32272	29840	0	101073	35168
85.1	23341ca4e4830bee	63024	2445069	8320	32272	29840	0	101067	35168
85.1	23341ca4e4830bee	63024	2445260	8320	32272	29856	0	101065	35120
85.1	23341ca4e4830bee	63024	2445452	8320	32272	29856	0	101069	35120
85.1	23341ca4e4830bee	63024	2445643	8320	32272	29856	0	101069	35120
85.1	23341ca4e4830bee	63024	2445834	8320	32272	29856	0	101073	35120
85.1	23341ca4e4830bee	63024	2446025	8320	32288	29856	0	101063	35136
85.1	23341ca4e4830bee	63024	2446216	8320	32288	29856	0	101069	35136
85.1	23341ca4e4830bee	63024	2446407	8320	32288	29856	0	101081	35136
85.1	23341ca4e4830bee	63024	2446598	8320	32288	29856	0	101075	35136
85.1	23341ca4e4830bee	63024	2446789	8320	32272	29856	0	101067	35264
85.1	23341ca4e4830bee	63024	2446981	8320	32272	29856	0	101069	35264
85.1	23341ca4e4830bee	63024	2447172	8320	32272	29856	0	101061	35264
85.1	23341ca4e4830bee	63024	2447363	8320	32272	29856	0	101069	35264
85.1	23341ca4e4830bee	63024	2447554	8320	32256	29856	0	101073	35264
85.1	23341ca4e4830bee	63024	2447745	8320	32256	29856	0	101073	35264
85.1	23341ca4e4830bee	63024	2447937	8320	32256	29856	0	101079	35264
85.1	23341ca4e4830bee	63024	2448166	8320	32288	29824	0	101067	35168
85.1	23341ca4e4830bee	63024	2448357	8320	32288	29824	0	101075	35168
85.1	23341ca4e4830bee	63024	2448548	8320	32288	29824	0	101061	35168
85.1	23341ca4e4830bee	63024	2448739	8320	32288	29824	0	101063	35168
85.1	23341ca4e4830bee	63024	2448920	8320	32288	29840	0	101069	35152
85.1	23341ca4e4830bee	63024	2449111	8320	32288	29840	0	101069	35152
85.1	23341ca4e4830bee	63024	2449302	8320	32288	29840	0	101063	35152
85.1	23341ca4e4830bee	63024	2449503	8320	32288	29840	0	101069	35152
85.1	23341ca4e4830bee	63024	2449695	8320	32272	29824	0	101073	35216
85.1	23341ca4e4830bee	63024	2449886	8320	32272	29824	0	101075	35216
85.1	23341ca4e4830bee	63024	2450077	8320	32272	29824	0	101071	35216
85.1	23341ca4e4830bee	63024	2450268	8320	32272	29824	0	101063	35216
85.1	23341ca4e4830bee	63024	2450459	8320	32272	29872	0	101073	35216
85.1	23341ca4e4830bee	63024	2450640	8320	32272	29872	0	101067	35216
85.1	23341ca4e4830bee	63024	2450832	8320	32272	29872	0	101071	35216
85.1	23341ca4e4830bee	63024	2451023	8320	32272	29840	0	101057	35264
85.1	23341ca4e4830bee	63024	2451214	8320	32272	29840	0	101067	35264
85.1	23341ca4e4830bee	63024	2451413	8320	32272	29840	0	101067	35264
85.1	23341ca4e4830bee	63024	2451604	8320	32272	29840	0	101071	35264
85.1	23341ca4e4830bee	63024	2451795	8320	32304	29824	0	101073	35088
85.1	23341ca4e4830bee	63024	2452029	8320	32304	29824	0	101073	35088
85.1	23341ca4e4830bee	63024	2452220	8320	32304	29824	0	101067	35088
85.1	23341ca4e4830bee	63024	2452401	8320	32304	29824	0	101067	35184
85.1	23341ca4e4830bee	63024	2452592	8320	32256	29840	0	101067	35184
85.1	23341ca4e4830bee	63024	2452783	8320	32256	29840	0	101085	35184
85.1	23341ca4e4830bee	63024	2452974	8320	32256	29840	0	101069	35184
85.1	23341ca4e4830bee	63024	2453165	8320	32224	29840	0	101065	35072
85.1	23341ca4e4830bee	63024	2453356	8320	32224	29840	0	101067	35072
85.1	23341ca4e4830bee	63024	2453547	8320	32224	29840	0	101071	35072
85.1	23341ca4e4830bee	63024	2453738	8320	32224	29840	0	101071	35072
85.1	23341ca4e4830bee	63024	2453930	8320	32224	29840	0	101069	35120
85.1	23341ca4e4830bee	63024	2454111	8320	32224	29840	0	101067	35120
85.1	23341ca4e4830bee	63024	2454302	8320	32224	29840	0	101063	35120
85.1	23341ca4e4830bee	63024	2454493	8320	32224	29840	0	101067	35120
85.1	23341ca4e4830bee	63024	2454684	8320	32256	29856	0	101069	35088
85.1	23341ca4e4830bee	63024	2454875	8320	32256	29856	0	101067	35088
85.1	23341ca4e4830bee	63024	2455067	8320	32256	29856	0	101067	35088
85.1	23341ca4e4830bee	63024	2455258	8320	32256	29856	0	101063	35088
85.1	23341ca4e4830bee	63024	2455450	8320	32256	29824	0	101067	35248
85.1	23341ca4e4830bee	63024	2455631	8320	32256	29824	0	101061	35248
85.1	23341ca4e4830bee	63024	2455869	8320	32256	29824	0	101069	35248
85.1	23341ca4e4830bee	63024	2456060	8320	32240	29824	0	101073	35232
85.1	23341ca4e4830bee	63024	2456251	8320	32240	29824	0	101067	35232
85.1	23341ca4e4830bee	63024	2456442	8320	32240	29824	0	101077	35232
85.1	23341ca4e4830bee	63024	2456633	8320	32240	29824	0	101065	35232
85.1	23341ca4e4830bee	63024	2456824	8320	32272	29856	0	101067	35264
85.1	23341ca4e4830bee	63024	2457015	8320	32272	29856	0	101067	35264
85.1	23341ca4e4830bee	63024	2457206	8320	32272	29856	0	101077	35264
85.1	23341ca4e4830bee	63024	2457397	8320	32272	29856	0	101073	35264
85.1	23341ca4e4830bee	63024	2457588	8448	32240	29840	0	101063	35200
85.1	23341ca4e4830bee	63024	2457779	8448	32240	29840	0	101071	35200
85.1	23341ca4e4830bee	63024	2457971	8448	32240	29840	0	101071	35200
85.1	23341ca4e4830bee	63024	2458162	8320	32240	29840	0	101067	35200
85.28	23341ca4e4830bee	63024	2458364	8320	32256	29840	0	101071	35136
85.1	23341ca4e4830bee	63024	2458555	8320	32256	29840	0	101071	35136
85.1	23341ca4e4830bee	63024	2458746	8320	32256	29840	0	101061	35136
85.28	23341ca4e4830bee	63024	2458937	8320	32272	29840	0	101069	35072
85.28	23341ca4e4830bee	63024	2459129	8320	32272	29840	0	101073	35072
85.1	23341ca4e4830bee	63024	2459320	8320	32272	29840	0	101065	35072
85.1	23341ca4e4830bee	63024	2459501	8320	32272	29840	0	101061	35072
85.1	23341ca4e4830bee	63024	2459741	8320	32240	29824	0	101067	35088
85.28	23341ca4e4830bee	63024	2459932	8320	32240	29824	0	101083	35088
85.28	23341ca4e4830bee	63024	2460124	8320	32240	29824	0	101073	35088
85.28	23341ca4e4830bee	63024	2460315	8320	32240	29824	0	101077	35088
85.28	23341ca4e4830bee	63024	2460506	8320	32240	29856	0	101065	35168
85.28	23341ca4e4830bee	63024	2460697	8320	32240	29856	0	101079	35168
85.28	23341ca4e4830bee	63024	2460888	8320	32240	29856	0	101069	35168
85.1	23341ca4e4830bee	63024	2461079	8320	32240	29856	0	101071	35120
85.1	23341ca4e4830bee	63024	2461270	8320	32256	29840	0	101067	35120
85.28	23341ca4e4830bee	63024	2461452	8320	32256	29840	0	101071	35120
85.1	23341ca4e4830bee	63024	2461643	8320	32256	29840	0	101065	35120
85.1	23341ca4e4830bee	63024	2461834	8320	32256	29840	0	101067	35184
85.28	23341ca4e4830bee	63024	2462026	8320	32256	29840	0	101063	35184
85.28	23341ca4e4830bee	63024	2462217	8320	32256	29840	0	101063	35184
85.28	23341ca4e4830bee	63024	2462408	8320	32256	29840	0	101069	35184
85.28	23341ca4e4830bee	63024	2462599	8320	32272	29840	0	101063	35152
85.28	23341ca4e4830bee	63024	2462790	8320	32272	29840	0	101075	35152
85.28	23341ca4e4830bee	63024	2462971	8320	32272	29840	0	101071	35152
85.28	23341ca4e4830bee	63024	2463163	8320	32272	29840	0	101075	35152
85.28	23341ca4e4830bee	63024	2463366	8320	32288	29808	0	101069	35200
85.28	23341ca4e4830bee	63024	2463605	8320	32288	29808	0	101071	35200
85.28	23341ca4e4830bee	63024	2463796	8320	32288	29808	0	101077	35200
85.28	23341ca4e4830bee	63024	2463987	8320	32288	29808	0	101071	35072
85.28	23341ca4e4830bee	63024	2464178	8320	32288	29840	0	101077	35072
85.28	23341ca4e4830bee	63024	2464386	8320	32288	29840	0	101071	35072
85.28	23341ca4e4830bee	63024	2464578	8320	32288	29840	0	101075	35072
85.28	23341ca4e4830bee	63024	2464769	8320	32240	29856	0	101071	35184
85.28	23341ca4e4830bee	63024	2464960	8320	32240	29856	0	101069	35184
85.28	23341ca4e4830bee	63024	2465151	8320	32240	29856	0	101059	35184
85.28	23341ca4e4830bee	63024	2465332	8320	32240	29856	0	101071	35184
85.28	23341ca4e4830bee	63024	2465523	8320	32240	29840	0	101059	35168
85.28	23341ca4e4830bee	63024	2465714	8320	32240	29840	0	101059	35168
85.28	23341ca4e4830bee	63024	2465905	8320	32240	29840	0	101065	35168
85.1	23341ca4e4830bee	63024	2466096	8448	32240	29840	0	101067	35168
85.28	23341ca4e4830bee	63024	2466288	8448	32272	29840	0	101065	35200
85.28	23341ca4e4830bee	63024	2466479	8448	32272	29840	0	101077	35200
85.28	23341ca4e4830bee	63024	2466670	8448	32272	29840	0	101071	35200
85.28	23341ca4e4830bee	63024	2466861	8320	32272	29840	0	101071	35120
85.28	23341ca4e4830bee	63024	2467043	8320	32256	29840	0	101071	35120
85.28	23341ca4e4830bee	63024	2467234	8320	32256	29840	0	101063	35120
85.28	23341ca4e4830bee	63024	2467467	8320	32256	29840	0	101065	35120
85.28	23341ca4e4830bee	63024	2467658	8320	32256	29856	0	101075	35184
85.28	23341ca4e4830bee	63024	2467849	8320	32256	29856	0	101071	35184
85.28	23341ca4e4830bee	63024	2468040	8320	32256	29856	0	101065	35184
85.28	23341ca4e4830bee	63024	2468231	8320	32256	29856	0	101075	35184
85.28	23341ca4e4830bee	63024	2468422	8320	32272	29840	0	101077	35072
85.28	23341ca4e4830bee	63024	2468613	8320	32272	29840	0	101065	35072
85.28	23341ca4e4830bee	63024	2468804	8320	32272	29840	0	101073	35072
85.28	23341ca4e4830bee	63024	2468995	8320	32272	29840	0	101073	35072
85.28	23341ca4e4830bee	63024	2469186	8320	32272	29856	0	101063	35120
85.28	23341ca4e4830bee	63024	2469378	8320	32272	29856	0	101073	35120
85.28	23341ca4e4830bee	63024	2469569	8320	32272	29856	0	101067	35120
85.28	23341ca4e4830bee	63024	2469760	8320	32272	29856	0	101063	35120
85.28	23341ca4e4830bee	63024	2469951	8320	32240	29856	0	101071	35120
85.28	23341ca4e4830bee	63024	2470133	8320	32240	29856	0	101069	35120
85.28	23341ca4e4830bee	63024	2470324	8320	32240	29856	0	101073	35120
85.28	23341ca4e4830bee	63024	2470515	8320	32272	29840	0	101063	35152
85.28	23341ca4e4830bee	63024	2470706	8320	32272	29840	0	101073	35152
85.28	23341ca4e4830bee	63024	2470897	8320	32272	29840	0	101075	35152
85.28	23341ca4e4830bee	63024	2471089	8320	32272	29840	0	101071	35152
85.28	23341ca4e4830bee	63024	2471316	8320	32256	29808	0	101061	35072
85.28	23341ca4e4830bee	63024	2471507	8320	32256	29808	0	101077	35072
85.28	23341ca4e4830bee	63024	2471699	8320	32256	29808	0	101075	35072
85.28	23341ca4e4830bee	63024	2471890	8320	32256	29808	0	101081	35072
85.28	23341ca4e4830bee	63024	2472081	8320	32272	29856	0	101071	35232
85.28	23341ca4e4830bee	63024	2472272	8320	32272	29856	0	101073	35232
85.28	23341ca4e4830bee	63024	2472454	8320	32272	29856	0	101073	35232
85.28	23341ca4e4830bee	63024	2472645	8320	32272	29856	0	101073	35104
85.28	23341ca4e4830bee	63024	2472836	8320	32272	29824	0	101077	35104
85.28	23341ca4e4830bee	63024	2473027	8320	32272	29824	0	101077	35104
85.28	23341ca4e4830bee	63024	2473218	8320	32272	29824	0	101077	35104
85.28	23341ca4e4830bee	63024	2473409	8448	32256	29856	0	101075	35200
85.28	23341ca4e4830bee	63024	2473601	8448	32256	29856	0	101071	35200
85.28	23341ca4e4830bee	63024	2473792	8448	32256	29856	0	101071	35200
85.28	23341ca4e4830bee	63024	2473973	8448	32256	29856	0	101073	35200
85.28	23341ca4e4830bee	63024	2474164	8320	32288	29840	0	101071	35120
85.28	23341ca4e4830bee	63024	2474355	8320	32288	29840	0	101077	35120
85.28	23341ca4e4830bee	63024	2474546	8320	32288	29840	0	101071	35120
85.28	23341ca4e4830bee	63024	2474738	8320	32288	29840	0	101067	35120
85.28	23341ca4e4830bee	63024	2474929	8320	32272	29872	0	101075	35168
85.28	23341ca4e4830bee	63024	2475158	8320	32272	29872	0	101067	35168
85.28	23341ca4e4830bee	63024	2475349	8320	32272	29872	0	101071	35168
85.28	23341ca4e4830bee	63024	2475540	8448	32272	29872	0	101071	35088
85.28	23341ca4e4830bee	63024	2475731	8448	32304	29840	0	101071	35088
85.28	23341ca4e4830bee	63024	2475923	8448	32304	29840	0	101081	35088
85.28	23341ca4e4830bee	63024	2476104	8448	32304	29840	0	101073	35088
85.28	23341ca4e4830bee	63024	2476295	8448	32256	29808	0	101065	35232
85.28	23341ca4e4830bee	63024	2476486	8448	32256	29808	0	101063	35232
85.28	23341ca4e4830bee	63024	2476677	8448	32256	29808	0	101065	35232
85.28	23341ca4e4830bee	63024	2476868	8448	32256	29808	0	101067	35232
85.28	23341ca4e4830bee	63024	2477059	8320	32272	29824	0	101075	35088
85.28	23341ca4e4830bee	63024	2477250	8320	32272	29824	0	101071	35088
85.28	23341ca4e4830bee	63024	2477441	8320	32272	29824	0	101071	35088
85.28	23341ca4e4830bee	63024	2477633	8320	32272	29824	0	101077	35088
85.28	23341ca4e4830bee	63024	2477814	8320	32256	29856	0	101077	35232
85.28	23341ca4e4830bee	63024	2478005	8320	32256	29856	0	101071	35232
85.28	23341ca4e4830bee	63024	2478196	8320	32256	29856	0	101065	35232
85.28	23341ca4e4830bee	63024	2478388	8320	32256	29856	0	101075	35232
85.28	23341ca4e4830bee	63024	2478579	8320	32272	29840	0	101071	35168
85.28	23341ca4e4830bee	63024	2478770	8320	32272	29840	0	101065	35168
85.28	23341ca4e4830bee	63024	2478998	8320	32272	29840	0	101075	35168
85.28	23341ca4e4830bee	63024	2479189	8320	32272	29872	0	101071	35168
85.28	23341ca4e4830bee	63024	2479380	8320	32272	29872	0	101071	35168
85.28	23341ca4e4830bee	63024	2479571	8320	32272	29872	0	101067	35168
85.28	23341ca4e4830bee	63024	2479762	8320	32272	29872	0	101065	35168
85.28	23341ca4e4830bee	63024	2479953	8320	32240	29840	0	101075	35104
85.28	23341ca4e4830bee	63024	2480144	8320	32240	29840	0	101065	35104
85.28	23341ca4e4830bee	63024	2480336	8320	32240	29840	0	101067	35104
85.28	23341ca4e4830bee	63024	2480527	8320	32240	29840	0	101079	35104
85.28	23341ca4e4830bee	63024	2480718	8320	32256	29856	0	101071	35104
85.28	23341ca4e4830bee	63024	2480909	8320	32256	29856	0	101079	35104
85.28	23341ca4e4830bee	63024	2481100	8320	32256	29856	0	101071	35104
85.28	23341ca4e4830bee	63024	2481291	8448	32256	29856	0	101073	35072
85.28	23341ca4e4830bee	63040	2481482	8448	32288	29856	0	101071	35072
85.28	23341ca4e4830bee	63040	2481663	8448	32288	29856	0	101063	35072
85.28	23341ca4e4830bee	63040	2481855	8448	32288	29856	0	101073	35072
85.28	23341ca4e4830bee	63024	2482046	8448	32288	29856	0	101079	35056
85.28	23341ca4e4830bee	63024	2482237	8448	32240	29888	0	101069	35056
85.28	23341ca4e4830bee	63024	2482428	8448	32240	29888	0	101071	35056
85.28	23341ca4e4830bee	63024	2482620	8448	32240	29888	0	101069	35056
85.28	23341ca4e4830bee	63040	2482854	8320	32208	29840	0	101069	35136
85.28	23341ca4e4830bee	63040	2483045	8320	32208	29840	0	101073	35136
85.28	23341ca4e4830bee	63040	2483236	8320	32208	29840	0	101075	35136
85.28	23341ca4e4830bee	63040	2483427	8320	32208	29840	0	101071	35136
85.28	23341ca4e4830bee	63056	2483618	8320	32240	29840	0	101067	35088
85.28	23341ca4e4830bee	63056	2483809	8320	32240	29840	1	101079	35088
85.28	23341ca4e4830bee	63056	2484000	8320	32240	29840	1	101069	35088
85.28	23341ca4e4830bee	63536	2484191	8320	32240	29840	1	101063	35088
85.28	23341ca4e4830bee	63536	2484382	8320	32288	29824	1	101069	35088
85.28	23341ca4e4830bee	63536	2484574	8320	32288	29824	1	101073	35088
85.28	23341ca4e4830bee	63536	2484765	8320	32288	29824	1	101069	35088
85.28	23341ca4e4830bee	63392	2484956	8320	32256	29872	1	101073	35104
85.28	23341ca4e4830bee	63392	2485147	8320	32256	29872	0	101061	35104
85.28	23341ca4e4830bee	63392	2485338	8320	32256	29872	0	101073	35104
85.28	23341ca4e4830bee	63392	2485529	8320	32256	29872	0	101075	35104
85.28	23341ca4e4830bee	63952	2485720	8448	32272	29840	1	101063	35104
85.28	23341ca4e4830bee	63952	2485912	8448	32272	29840	0	101065	35104
85.28	23341ca4e4830bee	63952	2486103	8448	32272	29840	1	101081	35104
85.28	23341ca4e4830bee	63952	2486284	8448	32272	29840	1	101069	35104
85.28	23341ca4e4830bee	63648	2486475	8448	32256	29840	1	101069	35184
85.28	23341ca4e4830bee	63648	2486718	8448	32256	29840	1	101073	35184
85.28	23341ca4e4830bee	63648	2486909	8448	32256	29840	0	101069	35184
85.28	23341ca4e4830bee	63888	2487100	8320	32256	29840	0	101079	35104
85.28	23341ca4e4830bee	63888	2487291	8320	32272	29872	0	101069	35104
85.28	23341ca4e4830bee	63888	2487482	8320	32272	29872	0	101065	35104
85.28	23341ca4e4830bee	63888	2487674	8320	32272	29872	1	101065	35104
85.28	23341ca4e4830bee	63680	2487855	8320	32272	29840	1	101067	35088
85.28	23341ca4e4830bee	63680	2488046	8320	32272	29840	1	101067	35088
85.28	23341ca4e4830bee	63680	2488237	8320	32272	29840	1	101063	35088
85.28	23341ca4e4830bee	63680	2488428	8320	32272	29840	1	101071	35088
85.28	23341ca4e4830bee	63840	2488619	8320	32256	29840	0	101071	35104
85.28	23341ca4e4830bee	63840	2488810	8320	32256	29840	1	101071	35104
85.28	23341ca4e4830bee	63840	2489001	8320	32256	29840	1	101075	35104
85.28	23341ca4e4830bee	63840	2489192	8320	32256	29840	1	101067	35104
85.28	23341ca4e4830bee	63712	2489393	8320	32256	29856	1	101077	35088
85.28	23341ca4e4830bee	63712	2489575	8320	32256	29856	0	101067	35088
85.28	23341ca4e4830bee	63712	2489766	8320	32256	29856	0	101079	35088
85.28	23341ca4e4830bee	63712	2489957	8320	32256	29856	1	101069	35088
85.28	23341ca4e4830bee	62816	2490148	8320	32240	29872	1	101073	35104
85.28	23341ca4e4830bee	62816	2490339	8320	32240	29872	1	101067	35104
85.28	23341ca4e4830bee	62816	2490578	8320	32240	29872	1	101069	35104
85.28	23341ca4e4830bee	62800	2490769	8320	32256	29824	1	101077	35168
85.28	23341ca4e4830bee	62800	2490960	8320	32256	29824	1	101063	35168
85.28	23341ca4e4830bee	62800	2491151	8320	32256	29824	1	101079	35168
85.28	23341ca4e4830bee	62800	2491342	8320	32256	29824	1	101069	35168
85.28	23341ca4e4830bee	62800	2491533	8320	32256	29872	1	101061	35216
85.28	23341ca4e4830bee	62800	2491724	8320	32256	29872	1	101063	35216
85.28	23341ca4e4830bee	62800	2491905	8320	32256	29872	1	101067	35216
85.28	23341ca4e4830bee	62800	2492096	8320	32256	29872	1	101065	35216
85.28	23341ca4e4830bee	62800	2492287	8320	32272	29856	1	101067	35120
85.28	23341ca4e4830bee	62800	2492479	8320	32272	29856	0	101065	35120
85.28	23341ca4e4830bee	62800	2492670	8320	32272	29856	0	101067	35120
85.28	23341ca4e4830bee	62800	2492861	8320	32272	29856	0	101067	35232
85.28	23341ca4e4830bee	62800	2493052	8320	32272	29856	1	101073	35232
85.28	23341ca4e4830bee	62800	2493243	8320	32272	29856	1	101067	35232
85.28	23341ca4e4830bee	62800	2493434	8320	32272	29856	1	101073	35232
85.28	23341ca4e4830bee	62800	2493626	8320	32256	29824	0	101069	35024
85.28	23341ca4e4830bee	62800	2493817	8320	32256	29824	1	101069	35024
85.28	23341ca4e4830bee	62800	2494008	8320	32256	29824	1	101079	35024
85.28	23341ca4e4830bee	62800	2494199	8320	32256	29824	1	101069	35024
85.28	23341ca4e4830bee	62816	2494440	8320	32256	29840	1	101071	35200
85.28	23341ca4e4830bee	62816	2494631	8320	32256	29840	1	101075	35200
85.28	23341ca4e4830bee	62816	2494823	8320	32256	29840	1	101069	35200
85.28	23341ca4e4830bee	62816	2495014	8320	32256	29840	1	101063	35200
85.28	23341ca4e4830bee	62800	2495212	8320	32256	29872	1	101061	35072
85.28	23341ca4e4830bee	62800	2495407	8320	32256	29872	1	101073	35072
85.28	23341ca4e4830bee	62800	2495598	8320	32256	29872	1	101075	35072
85.28	23341ca4e4830bee	62800	2495789	8448	32272	29824	1	101073	35072
85.28	23341ca4e4830bee	62800	2495980	8448	32272	29824	0	101079	35072
85.28	23341ca4e4830bee	62800	2496171	8448	32272	29824	0	101073	35072
85.28	23341ca4e4830bee	62800	2496362	8448	32272	29824	0	101073	35072
85.28	23341ca4e4830bee	62800	2496553	8320	32288	29856	1	101073	35200
85.28	23341ca4e4830bee	62800	2496744	8320	32288	29856	1	101063	35200
85.28	23341ca4e4830bee	62800	2496926	8320	32288	29856	1	101089	35200
85.28	23341ca4e4830bee	62800	2497117	8320	32288	29856	1	101077	35200
85.28	23341ca4e4830bee	62800	2497308	8448	32288	29856	1	101067	35088
85.28	23341ca4e4830bee	62800	2497499	8448	32288	29856	0	101077	35088
85.28	23341ca4e4830bee	62800	2497690	8448	32288	29856	1	101073	35088
85.28	23341ca4e4830bee	62800	2497882	8320	32288	29856	1	101071	35088
85.28	23341ca4e4830bee	62992	2498073	8320	32256	29888	1	101073	35232
85.28	23341ca4e4830bee	62992	2498303	8320	32256	29888	1	101067	35232
85.28	23341ca4e4830bee	62992	2498494	8320	32256	29888	1	101071	35232
85.28	23341ca4e4830bee	63200	2498685	8448	32224	29840	1	101081	35152
85.28	23341ca4e4830bee	63200	2498866	8448	32224	29840	1	101083	35152
85.28	23341ca4e4830bee	63200	2499057	8448	32224	29840	1	101087	35152
85.28	23341ca4e4830bee	63200	2499248	8448	32224	29840	1	101079	35152
85.28	23341ca4e4830bee	62928	2499439	8320	32288	29872	1	101067	35072
85.28	23341ca4e4830bee	62928	2499630	8320	32288	29872	1	101073	35072
85.28	23341ca4e4830bee	62928	2499821	8320	32288	29872	1	101077	35072
85.28	23341ca4e4830bee	62928	2500012	8320	32288	29872	1	101071	35072
85.28	23341ca4e4830bee	62512	2500204	8320	32304	29808	0	101071	35248
85.28	23341ca4e4830bee	62512	2500395	8320	32304	29808	1	101079	35248
85.28	23341ca4e4830bee	62512	2500576	8320	32304	29808	1	101069	35248
85.28	23341ca4e4830bee	62512	2500767	8448	32304	29808	1	101071	35248
85.28	23341ca4e4830bee	62288	2500958	8448	32304	29840	1	101079	35072
85.28	23341ca4e4830bee	62288	2501150	8448	32304	29840	1	101071	35072
85.28	23341ca4e4830bee	62288	2501341	8448	32304	29840	1	101071	35072
85.28	23341ca4e4830bee	63024	2501532	8320	32304	29840	0	101067	35072
85.28	23341ca4e4830bee	63024	2501723	8320	32256	29824	1	101067	35072
85.28	23341ca4e4830bee	63024	2501914	8320	32256	29824	1	101067	35072
85.28	23341ca4e4830bee	63024	2502143	8320	32256	29824	1	101071	35072
85.28	23341ca4e4830bee	63024	2502334	8320	32208	29872	0	101071	35264
85.28	23341ca4e4830bee	63024	2502525	8320	32208	29872	0	101071	35264
85.28	23341ca4e4830bee	63024	2502716	8320	32208	29872	0	101075	35264
85.28	23341ca4e4830bee	63024	2502907	8320	32208	29872	0	101077	35264
85.28	23341ca4e4830bee	63024	2503098	8320	32272	29856	0	101069	35200
85.28	23341ca4e4830bee	63024	2503289	8320	32272	29856	0	101075	35200
85.28	23341ca4e4830bee	63024	2503480	8320	32272	29856	0	101073	35200
85.28	23341ca4e4830bee	63024	2503671	8320	32272	29856	0	101075	35200
85.28	23341ca4e4830bee	63024	2503862	8320	32272	29856	0	101069	35088
85.28	23341ca4e4830bee	63024	2504053	8320	32272	29856	0	101071	35088
85.28	23341ca4e4830bee	63024	2504244	8320	32272	29856	0	101079	35088
85.28	23341ca4e4830bee	63024	2504436	8320	32272	29856	0	101077	35248
85.28	23341ca4e4830bee	63024	2504627	8320	32288	29824	0	101085	35248
85.28	23341ca4e4830bee	63024	2504818	8320	32288	29824	0	101073	35248
85.28	23341ca4e4830bee	63024	2505009	8320	32288	29824	0	101081	35248
85.28	23341ca4e4830bee	63024	2505201	8320	32272	29856	0	101077	35216
85.28	23341ca4e4830bee	63024	2505392	8320	32272	29856	0	101077	35216
85.28	23341ca4e4830bee	63024	2505584	8320	32272	29856	0	101069	35216
85.28	23341ca4e4830bee	63024	2505775	8320	32272	29856	0	101071	35216
85.28	23341ca4e4830bee	63024	2506004	8320	32272	29856	0	101075	35104
85.28	23341ca4e4830bee	63024	2506195	8320	32272	29856	0	101069	35104
85.28	23341ca4e4830bee	63024	2506377	8320	32272	29856	0	101071	35104
85.28	23341ca4e4830bee	63024	2506568	8448	32272	29856	0	101073	35104
85.28	23341ca4e4830bee	63024	2506759	8448	32272	29824	0	101073	35056
85.28	23341ca4e4830bee	63024	2506950	8448	32272	29824	0	101077	35056
85.28	23341ca4e4830bee	63024	2507141	8448	32272	29824	0	101069	35056
85.28	23341ca4e4830bee	63008	2507332	8320	32272	29824	0	101073	35088
85.28	23341ca4e4830bee	63008	2507523	8320	32240	29840	0	101075	35088
85.28	23341ca4e4830bee	63008	2507715	8320	32240	29840	0	101071	35088
85.28	23341ca4e4830bee	63008	2507906	8320	32240	29840	0	101061	35088
85.28	23341ca4e4830bee	63008	2508087	8320	32256	29840	0	101077	35088
85.28	23341ca4e4830bee	63008	2508278	8320	32256	29840	0	101071	35088
85.28	23341ca4e4830bee	63008	2508469	8320	32256	29840	0	101077	35088
85.28	23341ca4e4830bee	63008	2508660	8320	32256	29840	0	101067	35088
85.28	23341ca4e4830bee	63024	2508852	8320	32272	29872	0	101067	35072
85.28	23341ca4e4830bee	63024	2509043	8320	32272	29872	0	101073	35072
85.28	23341ca4e4830bee	63024	2509234	8320	32272	29872	0	101077	35072
85.28	23341ca4e4830bee	63024	2509425	8320	32272	29872	0	101071	35072
85.28	23341ca4e4830bee	63008	2509606	8448	32240	29840	0	101073	35264
85.28	23341ca4e4830bee	63008	2509843	8448	32240	29840	0	101071	35264
85.28	23341ca4e4830bee	63008	2510034	8448	32240	29840	0	101061	35264
85.28	23341ca4e4830bee	63008	2510225	8448	32288	29840	0	101073	35184
85.28	23341ca4e4830bee	63008	2510432	8448	32288	29856	0	101077	35184
85.28	23341ca4e4830bee	63008	2510623	8448	32288	29856	0	101079	35184
85.28	23341ca4e4830bee	63008	2510814	8448	32288	29856	0	101075	35184
85.28	23341ca4e4830bee	63008	2511005	8320	32256	29856	0	101071	35184
85.28	23341ca4e4830bee	63008	2511196	8320	32256	29856	0	101075	35184
85.28	23341ca4e4830bee	63008	2511387	8320	32256	29856	0	101069	35184
85.28	23341ca4e4830bee	63008	2511579	8320	32256	29856	0	101079	35184
85.28	23341ca4e4830bee	63008	2511770	8320	32304	29840	0	101073	35232
85.28	23341ca4e4830bee	63008	2511961	8320	32304	29840	0	101079	35232
85.28	23341ca4e4830bee	63008	2512152	8320	32304	29840	0	101077	35232
85.28	23341ca4e4830bee	63008	2512343	8320	32304	29840	0	101075	35232
85.28	23341ca4e4830bee	63008	2512534	8320	32256	29856	0	101075	35088
85.28	23341ca4e4830bee	63008	2512725	8320	32256	29856	0	101075	35088
85.28	23341ca4e4830bee	63008	2512907	8320	32256	29856	0	101067	35088
85.28	23341ca4e4830bee	63024	2513101	8448	32256	29856	0	101069	35184
85.28	23341ca4e4830bee	63024	2513292	8448	32256	29840	0	101069	35184
85.28	23341ca4e4830bee	63024	2513483	8448	32256	29840	0	101069	35184
85.28	23341ca4e4830bee	63024	2513712	8448	32256	29840	0	101069	35184
85.28	23341ca4e4830bee	63008	2513903	8448	32288	29872	0	101075	35104
85.28	23341ca4e4830bee	63008	2514094	8448	32288	29872	0	101061	35104
85.28	23341ca4e4830bee	63008	2514285	8448	32288	29872	0	101069	35104
85.28	23341ca4e4830bee	63008	2514476	8448	32288	29872	0	101067	35104
85.28	23341ca4e4830bee	63008	2514657	8448	32240	29824	0	101069	35248
85.28	23341ca4e4830bee	63008	2514848	8448	32240	29824	0	101073	35248
85.28	23341ca4e4830bee	63008	2515039	8448	32240	29824	0	101085	35248
85.28	23341ca4e4830bee	63008	2515230	8320	32240	29824	0	101069	35248
85.28	23341ca4e4830bee	63024	2515421	8320	32288	29872	0	101069	35232
85.28	23341ca4e4830bee	63024	2515613	8320	32288	29872	0	101069	35232
85.28	23341ca4e4830bee	63024	2515804	8320	32288	29872	0	101079	35232
85.28	23341ca4e4830bee	63024	2515995	8320	32288	29872	0	101073	35232
85.28	23341ca4e4830bee	63024	2516186	8320	32288	29840	0	101073	35232
85.28	23341ca4e4830bee	63024	2516367	8320	32288	29840	0	101071	35232
85.28	23341ca4e4830bee	63024	2516558	8320	32288	29840	0	101081	35232
85.28	23341ca4e4830bee	63024	2516750	8448	32224	29840	0	101071	35056
85.28	23341ca4e4830bee	63024	2516941	8448	32224	29840	0	101073	35056
85.28	23341ca4e4830bee	63024	2517132	8448	32224	29840	0	101067	35056
85.28	23341ca4e4830bee	63024	2517323	8448	32224	29840	0	101075	35056
85.28	23341ca4e4830bee	63024	2517565	8320	32288	29840	0	101069	35120
85.28	23341ca4e4830bee	63024	2517756	8320	32288	29840	0	101075	35120
85.28	23341ca4e4830bee	63024	2517937	8320	32288	29840	0	101069	35120
85.28	23341ca4e4830bee	63024	2518129	8448	32288	29840	0	101073	35120
85.28	23341ca4e4830bee	63008	2518320	8448	32240	29840	0	101075	35248
85.28	23341ca4e4830bee	63008	2518511	8448	32240	29840	0	101073	35248
85.28	23341ca4e4830bee	63008	2518702	8448	32240	29840	0	101069	35248
85.28	23341ca4e4830bee	63008	2518893	8320	32240	29840	0	101069	35216
85.28	23341ca4e4830bee	63008	2519084	8320	32240	29856	0	101073	35216
85.28	23341ca4e4830bee	63008	2519275	8320	32240	29856	0	101075	35216
85.28	23341ca4e4830bee	63008	2519466	8320	32240	29856	0	101069	35216
85.28	23341ca4e4830bee	63008	2519648	8448	32272	29872	0	101063	35136
85.28	23341ca4e4830bee	63008	2519839	8448	32272	29872	0	101067	35136
85.28	23341ca4e4830bee	63008	2520030	8448	32272	29872	0	101069	35136
85.28	23341ca4e4830bee	63008	2520221	8448	32272	29872	0	101075	35136
85.28	23341ca4e4830bee	63008	2520435	8448	32256	29840	0	101075	35280
85.28	23341ca4e4830bee	63008	2520626	8448	32256	29840	0	101077	35280
85.28	23341ca4e4830bee	63008	2520817	8448	32256	29840	0	101073	35280
85.28	23341ca4e4830bee	63008	2520999	8320	32256	29840	0	101075	35280
85.28	23341ca4e4830bee	63008	2521190	8320	32224	29840	0	101063	35232
85.28	23341ca4e4830bee	63008	2521442	8320	32224	29840	0	101075	35232
85.28	23341ca4e4830bee	63008	2521633	8320	32224	29840	0	101073	35232
85.28	23341ca4e4830bee	63008	2521824	8448	32240	29840	0	101073	35072
85.28	23341ca4e4830bee	63008	2522015	8448	32240	29840	0	101067	35072
85.28	23341ca4e4830bee	63008	2522207	8448	32240	29840	0	101075	35072
85.28	23341ca4e4830bee	63008	2522403	8448	32240	29840	0	101073	35072
85.28	23341ca4e4830bee	63008	2522594	8320	32272	29840	0	101071	35264
85.28	23341ca4e4830bee	63008	2522785	8320	32272	29840	0	101071	35264
85.28	23341ca4e4830bee	63008	2522976	8320	32272	29840	0	101067	35264
85.28	23341ca4e4830bee	63008	2523167	8448	32272	29840	0	101073	35264
85.28	23341ca4e4830bee	63008	2523358	8448	32256	29840	0	101073	35152
85.28	23341ca4e4830bee	63008	2523539	8448	32256	29840	0	101067	35152
85.28	23341ca4e4830bee	63008	2523730	8448	32256	29840	0	101067	35152
85.28	23341ca4e4830bee	63008	2523921	8320	32256	29840	0	101065	35232
85.28	23341ca4e4830bee	63008	2524113	8320	32240	29840	0	101067	35232
85.28	23341ca4e4830bee	63008	2524304	8320	32240	29840	0	101071	35232
85.28	23341ca4e4830bee	63008	2524495	8320	32240	29840	0	101067	35232
85.28	23341ca4e4830bee	63008	2524686	8320	32288	29856	0	101061	35232
85.28	23341ca4e4830bee	63008	2524877	8320	32288	29856	0	101065	35232
85.28	23341ca4e4830bee	63008	2525059	8320	32288	29856	0	101063	35232
85.28	23341ca4e4830bee	63008	2525308	8320	32288	29856	0	101069	35232
85.28	23341ca4e4830bee	63008	2525489	8320	32256	29840	0	101067	35152
85.28	23341ca4e4830bee	63008	2525681	8320	32256	29840	0	101073	35152
85.28	23341ca4e4830bee	63008	2525872	8320	32256	29840	0	101077	35152
85.28	23341ca4e4830bee	63008	2526063	8320	32256	29840	0	101067	35152
85.28	23341ca4e4830bee	63008	2526254	8320	32272	29824	0	101065	35072
85.28	23341ca4e4830bee	63008	2526445	8320	32272	29824	0	101065	35072
85.28	23341ca4e4830bee	63008	2526636	8320	32272	29824	0	101061	35072
85.28	23341ca4e4830bee	63008	2526827	8448	32272	29824	0	101079	35056
85.28	23341ca4e4830bee	63008	2527018	8448	32272	29856	0	101079	35056
85.28	23341ca4e4830bee	63008	2527199	8448	32272	29856	0	101083	35056
85.28	23341ca4e4830bee	63008	2527395	8448	32272	29856	0	101077	35056
85.28	23341ca4e4830bee	63008	2527586	8448	32240	29824	0	101077	35232
85.28	23341ca4e4830bee	63008	2527777	8448	32240	29824	0	101073	35232
85.28	23341ca4e4830bee	63008	2527968	8448	32240	29824	0	101077	35232
85.28	23341ca4e4830bee	63008	2528149	8448	32240	29824	0	101073	35232
85.28	23341ca4e4830bee	63008	2528340	8448	32272	29808	0	101077	35040
85.28	23341ca4e4830bee	63008	2528532	8448	32272	29808	0	101071	35040
85.28	23341ca4e4830bee	63008	2528723	8448	32272	29808	0	101067	35040
85.28	23341ca4e4830bee	63008	2528914	8448	32272	29808	0	101071	35040
85.28	23341ca4e4830bee	63008	2529147	8320	32288	29856	0	101075	35136
85.28	23341ca4e4830bee	63008	2529338	8320	32288	29856	0	101079	35136
85.28	23341ca4e4830bee	63008	2529529	8320	32288	29856	0	101077	35136
85.28	23341ca4e4830bee	63008	2529710	8320	32288	29856	0	101071	35216
85.28	23341ca4e4830bee	63008	2529901	8320	32272	29872	0	101071	35216
85.28	23341ca4e4830bee	63008	2530092	8320	32272	29872	0	101069	35216
85.28	23341ca4e4830bee	63008	2530284	8320	32272	29872	0	101073	35216
85.28	23341ca4e4830bee	63008	2530475	8320	32288	29824	0	101083	35264
85.28	23341ca4e4830bee	63008	2530666	8320	32288	29824	0	101065	35264
85.28	23341ca4e4830bee	63008	2530857	8320	32288	29824	0	101073	35264
85.28	23341ca4e4830bee	63008	2531048	8320	32288	29824	0	101067	35264
85.28	23341ca4e4830bee	63008	2531239	8320	32256	29840	0	101073	35136
85.28	23341ca4e4830bee	63008	2531430	8320	32256	29840	0	101073	35136
85.28	23341ca4e4830bee	63008	2531621	8320	32256	29840	0	101075	35136
85.28	23341ca4e4830bee	63008	2531813	8320	32256	29840	0	101071	35136
85.28	23341ca4e4830bee	63008	2532004	8320	32256	29840	0	101077	35168
85.28	23341ca4e4830bee	63008	2532195	8320	32256	29840	0	101065	35168
85.28	23341ca4e4830bee	63008	2532386	8320	32256	29840	0	101075	35168
85.28	23341ca4e4830bee	63008	2532577	8320	32256	29840	0	101077	35168
85.28	23341ca4e4830bee	63008	2532769	8320	32288	29824	0	101071	35056
85.28	23341ca4e4830bee	63008	2533000	8320	32288	29824	0	101073	35056
85.28	23341ca4e4830bee	63008	2533192	8320	32288	29824	0	101071	35056
85.28	23341ca4e4830bee	63008	2533383	8320	32272	29840	0	101073	35264
85.28	23341ca4e4830bee	63008	2533574	8320	32272	29840	0	101069	35264
85.28	23341ca4e4830bee	63008	2533765	8320	32272	29840	0	101059	35264
85.28	23341ca4e4830bee	63008	2533956	8320	32272	29840	0	101073	35264
85.28	23341ca4e4830bee	63008	2534147	8448	32256	29840	0	101079	35232
85.28	23341ca4e4830bee	63008	2534338	8448	32256	29840	0	101073	35232
85.28	23341ca4e4830bee	63008	2534530	8448	32256	29840	0	101069	35232
85.28	23341ca4e4830bee	63008	2534721	8448	32256	29840	0	101069	35232
85.28	23341ca4e4830bee	63008	2534912	8448	32240	29856	0	101071	35040
85.28	23341ca4e4830bee	63008	2535103	8448	32240	29856	0	101073	35040
85.28	23341ca4e4830bee	63008	2535294	8448	32240	29856	0	101079	35040
85.28	23341ca4e4830bee	63008	2535485	8320	32240	29856	0	101067	35184
85.28	23341ca4e4830bee	63008	2535676	8320	32304	29872	0	101069	35184
85.28	23341ca4e4830bee	63008	2535868	8320	32304	29872	0	101069	35184
85.28	23341ca4e4830bee	63008	2536059	8320	32304	29872	0	101071	35184
85.28	23341ca4e4830bee	63008	2536240	8320	32272	29872	0	101071	35248
85.28	23341ca4e4830bee	63008	2536431	8320	32272	29872	0	101067	35248
85.28	23341ca4e4830bee	63008	2536623	8320	32272	29872	0	101069	35248
85.28	23341ca4e4830bee	63008	2536862	8320	32272	29872	0	101077	35248
85.28	23341ca4e4830bee	63008	2537053	8320	32288	29824	0	101063	35200
85.28	23341ca4e4830bee	63008	2537244	8320	32288	29824	0	101065	35200
85.28	23341ca4e4830bee	63008	2537435	8320	32288	29824	0	101073	35200
85.28	23341ca4e4830bee	63008	2537626	8320	32288	29824	0	101073	35200
85.28	23341ca4e4830bee	63008	2537817	8320	32240	29856	0	101075	35248
85.28	23341ca4e4830bee	63008	2538008	8320	32240	29856	0	101067	35248
85.28	23341ca4e4830bee	63008	2538199	8320	32240	29856	0	101073	35248
85.28	23341ca4e4830bee	63008	2538381	8448	32240	29856	0	101069	35216
85.28	23341ca4e4830bee	63008	2538572	8448	32272	29824	0	101065	35216
85.28	23341ca4e4830bee	63008	2538763	8448	32272	29824	0	101073	35216
85.28	23341ca4e4830bee	63008	2538954	8448	32272	29824	0	101071	35216
85.28	23341ca4e4830bee	63008	2539146	8320	32272	29824	0	101075	35232
85.28	23341ca4e4830bee	63008	2539337	8320	32272	29824	0	101071	35232
85.28	23341ca4e4830bee	63008	2539540	8320	32272	29824	0	101063	35232
85.28	23341ca4e4830bee	63008	2539731	8320	32272	29824	0	101065	35232
85.28	23341ca4e4830bee	63008	2539923	8448	32272	29856	0	101063	35248
85.28	23341ca4e4830bee	63008	2540114	8448	32272	29856	0	101073	35248
85.28	23341ca4e4830bee	63008	2540305	8448	32272	29856	0	101067	35248
85.28	23341ca4e4830bee	63008	2540496	8320	32272	29856	0	101063	35248
85.28	23341ca4e4830bee	63008	2540726	8320	32272	29824	0	101073	35024
85.28	23341ca4e4830bee	63008	2540917	8320	32272	29824	0	101079	35024
85.28	23341ca4e4830bee	63008	2541108	8320	32272	29824	0	101077	35024
85.28	23341ca4e4830bee	63008	2541299	8320	32256	29824	0	101069	35200
85.28	23341ca4e4830bee	63008	2541490	8320	32256	29824	0	101071	35200
85.28	23341ca4e4830bee	63008	2541671	8320	32256	29824	0	101073	35200
85.28	23341ca4e4830bee	63008	2541862	8320	32256	29824	0	101069	35200
85.28	23341ca4e4830bee	63008	2542053	8320	32272	29824	0	101075	35264
85.28	23341ca4e4830bee	63008	2542244	8320	32272	29824	0	101083	35264
85.28	23341ca4e4830bee	63008	2542435	8320	32272	29824	0	101077	35264
85.28	23341ca4e4830bee	63008	2542627	8320	32272	29824	0	101069	35264
85.28	23341ca4e4830bee	63008	2542818	8320	32256	29840	0	101077	35072
85.28	23341ca4e4830bee	63008	2543009	8320	32256	29840	0	101079	35072
85.28	23341ca4e4830bee	63008	2543200	8320	32256	29840	0	101075	35072
85.28	23341ca4e4830bee	63008	2543381	8320	32256	29840	0	101069	35072
85.28	23341ca4e4830bee	63008	2543572	8448	32288	29824	0	101061	35248
85.28	23341ca4e4830bee	63008	2543764	8448	32288	29824	0	101071	35248
85.28	23341ca4e4830bee	63008	2543955	8448	32288	29824	0	101083	35248
85.28	23341ca4e4830bee	63008	2544146	8320	32288	29824	0	101077	35088
85.28	23341ca4e4830bee	63008	2544338	8320	32288	29840	0	101073	35088
85.28	23341ca4e4830bee	63008	2544572	8320	32288	29840	0	101067	35088
85.28	23341ca4e4830bee	63008	2544763	8320	32288	29840	0	101073	35088
85.28	23341ca4e4830bee	63008	2544954	8320	32288	29872	0	101077	35056
85.28	23341ca4e4830bee	63008	2545145	8320	32288	29872	0	101071	35056
85.28	23341ca4e4830bee	63008	2545336	8320	32288	29872	0	101073	35056
85.28	23341ca4e4830bee	63008	2545527	8320	32288	29872	0	101075	35056
85.28	23341ca4e4830bee	63008	2545719	8320	32256	29824	0	101071	35120
85.28	23341ca4e4830bee	63008	2545910	8320	32256	29824	0	101071	35120
85.28	23341ca4e4830bee	63008	2546091	8320	32256	29824	0	101067	35120
85.28	23341ca4e4830bee	63008	2546282	8320	32256	29824	0	101073	35120
85.28	23341ca4e4830bee	63008	2546473	8320	32288	29856	0	101075	35248
85.28	23341ca4e4830bee	63008	2546664	8320	32288	29856	0	101071	35248
85.28	23341ca4e4830bee	63008	2546855	8320	32288	29856	0	101075	35248
85.28	23341ca4e4830bee	63008	2547046	8320	32288	29856	0	101067	35232
85.28	23341ca4e4830bee	63008	2547238	8320	32272	29840	0	101069	35232
85.28	23341ca4e4830bee	63008	2547429	8320	32272	29840	0	101075	35232
85.28	23341ca4e4830bee	63008	2547620	8320	32272	29840	0	101075	35232
85.28	23341ca4e4830bee	63008	2547801	8320	32240	29840	0	101081	35104
85.28	23341ca4e4830bee	63008	2547992	8320	32240	29856	0	101071	35104
85.28	23341ca4e4830bee	63008	2548184	8320	32240	29856	0	101083	35104
85.28	23341ca4e4830bee	63008	2548424	8320	32240	29856	0	101063	35104
85.28	23341ca4e4830bee	63008	2548615	8448	32288	29888	0	101073	35232
85.28	23341ca4e4830bee	63008	2548806	8448	32288	29888	0	101071	35232
85.28	23341ca4e4830bee	63008	2548997	8448	32288	29888	0	101067	35232
85.28	23341ca4e4830bee	63008	2549188	8448	32288	29888	0	101077	35232
85.28	23341ca4e4830bee	63008	2549379	8448	32288	29824	0	101071	35040
85.28	23341ca4e4830bee	63008	2549570	8448	32288	29824	0	101067	35040
85.28	23341ca4e4830bee	63008	2549751	8448	32288	29824	0	101073	35040
85.28	23341ca4e4830bee	63008	2549943	8320	32288	29824	0	101069	35184
85.28	23341ca4e4830bee	63008	2550134	8320	32272	29856	0	101071	35184
85.28	23341ca4e4830bee	63008	2550325	8320	32272	29856	0	101073	35184
85.28	23341ca4e4830bee	63008	2550516	8320	32272	29856	0	101067	35184
85.28	23341ca4e4830bee	63008	2550707	8448	32256	29824	0	101079	35248
85.28	23341ca4e4830bee	63008	2550899	8448	32256	29824	0	101059	35248
85.28	23341ca4e4830bee	63008	2551090	8448	32256	29824	0	101067	35248
85.28	23341ca4e4830bee	63008	2551281	8448	32256	29824	0	101067	35248
85.28	23341ca4e4830bee	63008	2551472	8320	32272	29856	0	101067	35088
85.28	23341ca4e4830bee	63008	2551671	8320	32272	29856	0	101067	35088
85.28	23341ca4e4830bee	63008	2551852	8320	32272	29856	0	101075	35088
85.28	23341ca4e4830bee	63008	2552043	8320	32272	29856	0	101067	35088
85.28	23341ca4e4830bee	63008	2552285	8320	32240	29840	0	101069	35056
85.28	23341ca4e4830bee	63008	2552476	8320	32240	29840	0	101077	35056
85.28	23341ca4e4830bee	63008	2552667	8320	32240	29840	0	101063	35056
85.28	23341ca4e4830bee	63008	2552858	8448	32240	29840	0	101067	35248
85.28	23341ca4e4830bee	63008	2553049	8448	32240	29872	0	101067	35248
85.28	23341ca4e4830bee	63008	2553240	8448	32240	29872	0	101067	35248
85.28	23341ca4e4830bee	63008	2553441	8448	32240	29872	0	101067	35248
85.28	23341ca4e4830bee	63008	2553622	8320	32272	29840	0	101083	35056
85.28	23341ca4e4830bee	63008	2553813	8320	32272	29840	0	101073	35056
85.28	23341ca4e4830bee	63008	2554004	8320	32272	29840	0	101071	35056
85.28	23341ca4e4830bee	63008	2554195	8320	32272	29840	0	101077	35056
85.28	23341ca4e4830bee	63008	2554386	8448	32272	29904	0	101067	35184
85.28	23341ca4e4830bee	63008	2554577	8448	32272	29904	0	101069	35184
85.28	23341ca4e4830bee	63008	2554780	8448	32272	29904	0	101073	35184
85.28	23341ca4e4830bee	63008	2554972	8320	32272	29904	0	101075	35184
85.28	23341ca4e4830bee	63008	2555163	8320	32240	29840	0	101073	35264
85.28	23341ca4e4830bee	63008	2555354	8320	32240	29840	0	101079	35264
85.28	23341ca4e4830bee	63008	2555545	8320	32240	29840	0	101067	35264
85.28	23341ca4e4830bee	63008	2555737	8448	32240	29840	0	101073	35232
85.28	23341ca4e4830bee	63008	2555928	8448	32272	29856	0	101081	35232
85.28	23341ca4e4830bee	63008	2556167	8448	32272	29856	0	101071	35232
85.28	23341ca4e4830bee	63008	2556358	8448	32272	29856	0	101075	35232
85.28	23341ca4e4830bee	63008	2556562	8448	32304	29824	0	101065	35088
85.28	23341ca4e4830bee	63008	2556753	8448	32304	29824	0	101071	35088
85.28	23341ca4e4830bee	63008	2556944	8448	32304	29824	0	101077	35088
85.28	23341ca4e4830bee	63008	2557135	8320	32304	29824	0	101069	35088
85.28	23341ca4e4830bee	63008	2557326	8320	32272	29856	0	101069	35136
85.28	23341ca4e4830bee	63008	2557517	8320	32272	29856	0	101069	35136
85.28	23341ca4e4830bee	63008	2557709	8320	32272	29856	0	101069	35136
85.28	23341ca4e4830bee	63008	2557900	8448	32272	29856	0	101065	35216
85.28	23341ca4e4830bee	63008	2558091	8448	32288	29840	0	101073	35216
85.28	23341ca4e4830bee	63008	2558282	8448	32288	29840	0	101063	35216
85.28	23341ca4e4830bee	63008	2558473	8448	32288	29840	0	101065	35216
85.28	23341ca4e4830bee	63008	2558665	8448	32288	29856	0	101073	35216
85.28	23341ca4e4830bee	63008	2558856	8448	32288	29856	0	101069	35216
85.28	23341ca4e4830bee	63008	2559047	8448	32288	29856	0	101069	35216
85.28	23341ca4e4830bee	63008	2559238	8448	32288	29856	0	101065	35216
85.28	23341ca4e4830bee	63008	2559429	8448	32272	29840	0	101069	35072
85.28	23341ca4e4830bee	63008	2559621	8448	32272	29840	0	101073	35072
85.28	23341ca4e4830bee	63008	2559812	8448	32272	29840	0	101069	35072
85.28	23341ca4e4830bee	63008	2560039	8448	32272	29840	0	101067	35072
85.28	23341ca4e4830bee	63008	2560230	8448	32256	29856	0	101069	35168
85.28	23341ca4e4830bee	63008	2560421	8448	32256	29856	0	101069	35168
85.28	23341ca4e4830bee	63008	2560612	8448	32256	29856	0	101067	35168
85.28	23341ca4e4830bee	63008	2560793	8448	32256	29856	0	101067	35280
85.28	23341ca4e4830bee	63008	2560984	8448	32288	29872	0	101069	35280
85.28	23341ca4e4830bee	63008	2561175	8448	32288	29872	0	101061	35280
85.28	23341ca4e4830bee	63008	2561366	8448	32288	29872	0	101067	35280
85.28	23341ca4e4830bee	63008	2561557	8320	32288	29856	0	101073	35104
85.28	23341ca4e4830bee	63008	2561749	8320	32288	29856	0	101057	35104
85.28	23341ca4e4830bee	63008	2561940	8320	32288	29856	0	101077	35104
85.28	23341ca4e4830bee	63008	2562131	8320	32288	29856	0	101073	35104
85.28	23341ca4e4830bee	63008	2562322	8448	32240	29856	0	101073	35024
85.28	23341ca4e4830bee	63008	2562503	8448	32240	29856	0	101067	35024
85.28	23341ca4e4830bee	63008	2562706	8448	32240	29856	0	101065	35024
85.28	23341ca4e4830bee	63008	2562897	8448	32240	29856	0	101063	35024
85.28	23341ca4e4830bee	63008	2563088	8448	32256	29856	0	101065	35120
85.28	23341ca4e4830bee	63008	2563279	8448	32256	29856	0	101081	35120
85.28	23341ca4e4830bee	63008	2563471	8448	32256	29856	0	101069	35120
85.28	23341ca4e4830bee	63008	2563662	8448	32256	29856	0	101071	35040
85.28	23341ca4e4830bee	63008	2563894	8448	32272	29840	0	101075	35040
85.28	23341ca4e4830bee	63008	2564085	8448	32272	29840	0	101071	35040
85.28	23341ca4e4830bee	63008	2564276	8448	32272	29840	0	101065	35040
85.28	23341ca4e4830bee	63008	2564467	8448	32288	29856	0	101085	35232
85.28	23341ca4e4830bee	63008	2564658	8448	32288	29856	0	101081	35232
85.28	23341ca4e4830bee	63008	2564849	8448	32288	29856	0	101071	35232
85.28	23341ca4e4830bee	63008	2565041	8448	32288	29856	0	101071	35232
85.28	23341ca4e4830bee	63008	2565232	8448	32272	29872	0	101061	35264
85.28	23341ca4e4830bee	63008	2565455	8448	32272	29872	0	101077	35264
85.28	23341ca4e4830bee	63008	2565646	8448	32272	29872	0	101077	35264
85.28	23341ca4e4830bee	63024	2565837	8448	32272	29872	0	101073	35120
85.28	23341ca4e4830bee	63024	2566028	8448	32272	29856	0	101071	35120
85.28	23341ca4e4830bee	63024	2566219	8448	32272	29856	0	101073	35120
85.28	23341ca4e4830bee	63024	2566410	8448	32272	29856	0	101069	35120
85.28	23341ca4e4830bee	63024	2566602	8448	32256	29824	0	101069	35040
85.28	23341ca4e4830bee	63024	2566793	8448	32256	29824	0	101071	35040
85.28	23341ca4e4830bee	63024	2566974	8448	32256	29824	0	101077	35040
85.28	23341ca4e4830bee	63024	2567165	8448	32256	29824	0	101067	35040
85.28	23341ca4e4830bee	63008	2567356	8320	32272	29824	0	101075	35104
85.28	23341ca4e4830bee	63008	2567548	8320	32272	29824	0	101079	35104
85.28	23341ca4e4830bee	63008	2567790	8320	32272	29824	0	101077	35104
85.28	23341ca4e4830bee	63008	2567981	8320	32272	29824	0	101077	35104
85.28	23341ca4e4830bee	63024	2568172	8320	32272	29824	0	101075	35072
85.28	23341ca4e4830bee	63024	2568363	8320	32272	29824	0	101061	35072
85.28	23341ca4e4830bee	63024	2568544	8320	32272	29824	0	101071	35072
85.28	23341ca4e4830bee	63024	2568735	8320	32272	29824	0	101073	35248
85.28	23341ca4e4830bee	63024	2568926	8320	32272	29856	0	101077	35248
85.28	23341ca4e4830bee	63024	2569117	8320	32272	29856	0	101075	35248
85.28	23341ca4e4830bee	63024	2569308	8320	32272	29856	0	101071	35248
85.28	23341ca4e4830bee	63024	2569499	8448	32256	29872	0	101073	35104
85.28	23341ca4e4830bee	63024	2569691	8448	32256	29872	0	101065	35104
85.28	23341ca4e4830bee	63024	2569882	8448	32256	29872	0	101075	35104
85.28	23341ca4e4830bee	63024	2570073	8448	32256	29872	0	101073	35104
85.28	23341ca4e4830bee	63024	2570254	8320	32304	29840	0	101071	35264
85.28	23341ca4e4830bee	63024	2570445	8320	32304	29840	0	101061	35264
85.28	23341ca4e4830bee	63024	2570636	8320	32304	29840	0	101063	35264
85.28	23341ca4e4830bee	63024	2570828	8320	32304	29840	0	101071	35264
85.28	23341ca4e4830bee	63024	2571019	8448	32256	29840	0	101057	35056
85.28	23341ca4e4830bee	63024	2571210	8448	32256	29840	0	101069	35056
85.28	23341ca4e4830bee	63024	2571402	8448	32256	29840	0	101079	35056
85.28	23341ca4e4830bee	63024	2571631	8448	32256	29840	0	101079	35216
85.28	23341ca4e4830bee	63024	2571822	8448	32288	29872	0	101067	35216
85.28	23341ca4e4830bee	63024	2572013	8448	32288	29872	0	101075	35216
85.28	23341ca4e4830bee	63024	2572194	8448	32288	29872	0	101073	35216
85.28	23341ca4e4830bee	63024	2572385	8448	32256	29840	0	101073	35296
85.28	23341ca4e4830bee	63024	2572576	8448	32256	29840	0	101077	35296
85.28	23341ca4e4830bee	63024	2572767	8448	32256	29840	0	101077	35296
85.28	23341ca4e4830bee	63024	2572959	8448	32256	29840	0	101067	35296
85.28	23341ca4e4830bee	63024	2573150	8448	32256	29872	0	101073	35248
85.28	23341ca4e4830bee	63024	2573341	8448	32256	29872	0	101059	35248
85.28	23341ca4e4830bee	63024	2573532	8448	32256	29872	0	101063	35248
85.28	23341ca4e4830bee	63024	2573724	8448	32256	29872	0	101073	35248
85.28	23341ca4e4830bee	63024	2573905	8320	32256	29824	0	101077	35088
85.28	23341ca4e4830bee	63024	2574096	8320	32256	29824	0	101073	35088
85.28	23341ca4e4830bee	63024	2574287	8320	32256	29824	0	101075	35088
85.28	23341ca4e4830bee	63024	2574478	8320	32256	29824	0	101077	35088
85.28	23341ca4e4830bee	63024	2574669	8320	32256	29824	0	101073	35248
85.28	23341ca4e4830bee	63024	2574861	8320	32256	29824	0	101061	35248
85.28	23341ca4e4830bee	63024	2575052	8320	32256	29824	0	101067	35248
85.28	23341ca4e4830bee	63024	2575243	8448	32256	29824	0	101063	35264
85.28	23341ca4e4830bee	63024	2575462	8448	32272	29840	0	101069	35264
85.28	23341ca4e4830bee	63024	2575653	8448	32272	29840	0	101081	35264
85.28	23341ca4e4830bee	63024	2575835	8448	32272	29840	0	101069	35264
85.28	23341ca4e4830bee	63024	2576026	8448	32288	29824	0	101079	35088
85.28	23341ca4e4830bee	63024	2576217	8448	32288	29824	0	101069	35088
85.28	23341ca4e4830bee	63024	2576408	8448	32288	29824	0	101067	35088
85.28	23341ca4e4830bee	63024	2576599	8448	32288	29824	0	101073	35088
85.28	23341ca4e4830bee	63024	2576790	8320	32256	29824	0	101075	35072
85.28	23341ca4e4830bee	63024	2576981	8320	32256	29824	0	101069	35072
85.28	23341ca4e4830bee	63024	2577172	8320	32256	29824	0	101065	35072
85.28	23341ca4e4830bee	63024	2577363	8320	32256	29824	0	101075	35072
85.28	23341ca4e4830bee	63024	2577544	8320	32272	29872	0	101065	35232
85.28	23341ca4e4830bee	63024	2577736	8320	32272	29872	0	101065	35232
85.28	23341ca4e4830bee	63024	2577927	8320	32272	29872	0	101075	35232
85.28	23341ca4e4830bee	63024	2578118	8320	32272	29872	0	101071	35232
85.28	23341ca4e4830bee	63024	2578309	8320	32304	29808	0	101083	35232
85.28	23341ca4e4830bee	63024	2578500	8320	32304	29808	0	101063	35232
85.28	23341ca4e4830bee	63024	2578692	8320	32304	29808	0	101069	35232
85.28	23341ca4e4830bee	63024	2578883	8448	32256	29840	0	101065	35024
85.28	23341ca4e4830bee	63024	2579074	8448	32256	29840	0	101081	35024
85.28	23341ca4e4830bee	63024	2579303	8448	32256	29840	0	101069	35024
85.28	23341ca4e4830bee	63024	2579494	8448	32256	29840	0	101079	35024
85.28	23341ca4e4830bee	63024	2579675	8448	32288	29808	0	101065	35232
85.28	23341ca4e4830bee	63024	2579866	8448	32288	29808	0	101069	35232
85.28	23341ca4e4830bee	63024	2580057	8448	32288	29808	0	101071	35232
85.28	23341ca4e4830bee	63024	2580249	8320	32288	29808	0	101083	35232
85.28	23341ca4e4830bee	63024	2580460	8320	32256	29856	0	101081	35056
85.28	23341ca4e4830bee	63024	2580651	8320	32256	29856	0	101069	35056
85.28	23341ca4e4830bee	63024	2580842	8320	32256	29856	0	101075	35056
85.28	23341ca4e4830bee	63024	2581033	8448	32272	29856	0	101079	35136
85.28	23341ca4e4830bee	63024	2581224	8448	32272	29824	0	101075	35136
85.28	23341ca4e4830bee	63024	2581415	8448	32272	29824	0	101073	35136
85.28	23341ca4e4830bee	63024	2581606	8448	32272	29824	0	101079	35136
85.28	23341ca4e4830bee	63024	2581797	8448	32272	29840	0	101069	35264
85.28	23341ca4e4830bee	63024	2581989	8448	32272	29840	0	101073	35264
85.28	23341ca4e4830bee	63024	2582180	8448	32272	29840	0	101079	35264
85.28	23341ca4e4830bee	63024	2582371	8448	32272	29840	0	101085	35264
85.28	23341ca4e4830bee	63024	2582562	8320	32320	29888	0	101073	35088
85.28	23341ca4e4830bee	63024	2582753	8320	32320	29888	0	101073	35088
85.28	23341ca4e4830bee	63024	2582945	8320	32320	29888	0	101075	35088
85.28	23341ca4e4830bee	63024	2583177	8320	32320	29888	0	101081	35264
85.28	23341ca4e4830bee	63024	2583368	8320	32272	29840	0	101081	35264
85.28	23341ca4e4830bee	63024	2583559	8320	32272	29840	0	101071	35264
85.28	23341ca4e4830bee	63024	2583750	8320	32272	29840	0	101073	35264
85.28	23341ca4e4830bee	63024	2583941	8448	32256	29840	0	101079	35056
85.28	23341ca4e4830bee	63024	2584132	8448	32256	29840	0	101079	35056
85.28	23341ca4e4830bee	63024	2584323	8448	32256	29840	0	101069	35056
85.28	23341ca4e4830bee	63024	2584514	8448	32256	29840	0	101071	35056
85.28	23341ca4e4830bee	63024	2584696	8320	32256	29840	0	101075	35200
85.28	23341ca4e4830bee	63024	2584895	8320	32256	29840	0	101075	35200
85.28	23341ca4e4830bee	63024	2585076	8320	32256	29840	0	101069	35200
85.28	23341ca4e4830bee	63024	2585267	8320	32256	29840	0	101065	35200
85.28	23341ca4e4830bee	63024	2585459	8320	32256	29856	0	101079	35232
85.28	23341ca4e4830bee	63024	2585650	8320	32256	29856	0	101069	35232
85.28	23341ca4e4830bee	63024	2585841	8320	32256	29856	0	101059	35232
85.28	23341ca4e4830bee	63024	2586033	8448	32256	29856	0	101063	35232
85.28	23341ca4e4830bee	63024	2586224	8448	32320	29840	0	101077	35264
85.28	23341ca4e4830bee	63024	2586415	8448	32320	29840	0	101069	35264
85.28	23341ca4e4830bee	63024	2586596	8448	32320	29840	0	101065	35264
85.28	23341ca4e4830bee	63024	2586787	8320	32320	29840	0	101059	35248
85.28	23341ca4e4830bee	63024	2587026	8320	32256	29856	0	101063	35248
85.28	23341ca4e4830bee	63024	2587217	8320	32256	29856	0	101071	35248
85.28	23341ca4e4830bee	63024	2587412	8320	32256	29856	0	101071	35248
85.28	23341ca4e4830bee	63024	2587603	8320	32304	29840	0	101073	35136
85.28	23341ca4e4830bee	63024	2587794	8320	32304	29840	0	101075	35136
85.28	23341ca4e4830bee	63024	2587985	8320	32304	29840	0	101069	35136
85.28	23341ca4e4830bee	63024	2588166	8320	32304	29840	0	101077	35136
85.28	23341ca4e4830bee	63024	2588357	8320	32256	29840	0	101065	35248
85.28	23341ca4e4830bee	63024	2588548	8320	32256	29840	0	101071	35248
85.28	23341ca4e4830bee	63024	2588740	8320	32256	29840	0	101065	35248
85.1	23341ca4e4830bee	63024	2588931	8448	32256	29840	0	101061	35248
85.1	23341ca4e4830bee	63024	2589122	8448	32288	29856	0	101067	35056
85.28	23341ca4e4830bee	63024	2589313	8448	32288	29856	0	101081	35056
85.1	23341ca4e4830bee	63024	2589504	8448	32288	29856	0	101067	35056
85.28	23341ca4e4830bee	63024	2589695	8448	32288	29856	0	101065	35072
85.28	23341ca4e4830bee	63024	2589876	8448	32240	29824	0	101065	35072
85.1	23341ca4e4830bee	63024	2590068	8448	32240	29824	0	101061	35072
85.28	23341ca4e4830bee	63024	2590259	8448	32240	29824	0	101075	35072
85.1	23341ca4e4830bee	63024	2590450	8320	32288	29840	0	101071	35216
85.28	23341ca4e4830bee	63024	2590641	8320	32288	29840	0	101077	35216
85.1	23341ca4e4830bee	63024	2590874	8320	32288	29840	0	101071	35216
85.28	23341ca4e4830bee	63024	2591065	8320	32288	29840	0	101075	35216
85.1	23341ca4e4830bee	63024	2591256	8320	32288	29824	0	101067	35264
85.28	23341ca4e4830bee	63024	2591447	8320	32288	29824	0	101063	35264
85.1	23341ca4e4830bee	63024	2591638	8320	32288	29824	0	101067	35264
85.28	23341ca4e4830bee	63024	2591829	8320	32288	29824	0	101059	35264
85.28	23341ca4e4830bee	63024	2592020	8320	32256	29824	0	101075	35216
85.28	23341ca4e4830bee	63024	2592212	8320	32256	29824	0	101059	35216
85.28	23341ca4e4830bee	63024	2592403	8320	32256	29824	0	101069	35216
85.28	23341ca4e4830bee	63024	2592594	8448	32272	29824	0	101071	35200
85.28	23341ca4e4830bee	63024	2592785	8448	32272	29856	0	101071	35200
85.28	23341ca4e4830bee	63024	2592976	8448	32272	29856	0	101071	35200
85.28	23341ca4e4830bee	63024	2593167	8448	32272	29856	0	101071	35200
85.28	23341ca4e4830bee	63024	2593359	8320	32288	29888	0	101063	35136
85.28	23341ca4e4830bee	63024	2593550	8320	32288	29888	0	101065	35136
85.28	23341ca4e4830bee	63024	2593741	8320	32288	29888	0	101065	35136
85.28	23341ca4e4830bee	63024	2593932	8320	32288	29888	0	101069	35136
85.28	23341ca4e4830bee	63024	2594123	8320	32288	29824	0	101069	35184
85.28	23341ca4e4830bee	63024	2594315	8320	32288	29824	0	101071	35184
85.28	23341ca4e4830bee	63024	2594506	8320	32288	29824	0	101069	35184
85.28	23341ca4e4830bee	63024	2594734	8448	32288	29824	0	101075	35152
85.28	23341ca4e4830bee	63024	2594925	8448	32272	29840	0	101069	35152
85.28	23341ca4e4830bee	63024	2595116	8448	32272	29840	0	101069	35152
85.28	23341ca4e4830bee	63024	2595298	8448	32272	29840	0	101075	35152
85.28	23341ca4e4830bee	63024	2595489	8448	32256	29840	0	101071	35264
85.28	23341ca4e4830bee	63024	2595680	8448	32256	29856	0	101071	35264
85.28	23341ca4e4830bee	63024	2595871	8448	32256	29856	0	101059	35264
85.28	23341ca4e4830bee	63024	2596062	8448	32256	29856	0	101069	35264
85.28	23341ca4e4830bee	63024	2596253	8320	32256	29840	0	101071	35136
85.28	23341ca4e4830bee	63024	2596455	8320	32256	29840	0	101069	35136
85.28	23341ca4e4830bee	63024	2596646	8320	32256	29840	0	101063	35136
85.28	23341ca4e4830bee	63024	2596827	8320	32256	29840	0	101069	35136
85.28	23341ca4e4830bee	63024	2597018	8320	32304	29824	0	101071	35232
85.28	23341ca4e4830bee	63024	2597210	8320	32304	29824	0	101075	35232
85.28	23341ca4e4830bee	63024	2597401	8320	32304	29824	0	101071	35232
85.1	23341ca4e4830bee	63024	2597592	8320	32304	29824	0	101073	35232
85.28	23341ca4e4830bee	63024	2597783	8320	32256	29840	0	101059	35216
85.28	23341ca4e4830bee	63024	2597975	8320	32256	29840	0	101071	35216
85.28	23341ca4e4830bee	63024	2598166	8320	32256	29840	0	101075	35216
85.28	23341ca4e4830bee	63024	2598347	8448	32256	29840	0	101069	35072
85.28	23341ca4e4830bee	63024	2598586	8448	32288	29872	0	101075	35072
85.28	23341ca4e4830bee	63024	2598777	8448	32288	29872	0	101071	35072
85.1	23341ca4e4830bee	63024	2598958	8448	32288	29872	0	101067	35072
85.28	23341ca4e4830bee	63024	2599149	8448	32304	29824	0	101073	35152
85.28	23341ca4e4830bee	63024	2599340	8448	32304	29824	0	101059	35152
85.28	23341ca4e4830bee	63024	2599543	8448	32304	29824	0	101077	35152
85.28	23341ca4e4830bee	63024	2599735	8448	32304	29824	0	101077	35152
85.28	23341ca4e4830bee	63024	2599926	8448	32240	29856	0	101069	35232
85.28	23341ca4e4830bee	63024	2600117	8448	32240	29856	0	101071	35232
85.28	23341ca4e4830bee	63024	2600298	8448	32240	29856	0	101071	35232
85.28	23341ca4e4830bee	63024	2600489	8448	32240	29856	0	101075	35232
85.28	23341ca4e4830bee	63024	2600680	8448	32288	29840	0	101079	35056
85.28	23341ca4e4830bee	63024	2600871	8448	32288	29840	0	101069	35056
85.28	23341ca4e4830bee	63024	2601062	8448	32288	29840	0	101073	35056
85.28	23341ca4e4830bee	63024	2601254	8448	32288	29840	0	101079	35120
85.28	23341ca4e4830bee	63024	2601445	8448	32272	29872	0	101075	35120
85.28	23341ca4e4830bee	63024	2601636	8448	32272	29872	0	101075	35120
85.28	23341ca4e4830bee	63024	2601827	8448	32272	29872	0	101079	35120
85.28	23341ca4e4830bee	63024	2602018	8320	32304	29872	0	101085	35264
85.28	23341ca4e4830bee	63024	2602210	8320	32304	29872	0	101079	35264
85.28	23341ca4e4830bee	63024	2602462	8320	32304	29872	0	101069	35264
85.28	23341ca4e4830bee	63024	2602653	8448	32304	29872	0	101077	35264
85.28	23341ca4e4830bee	63024	2602844	8448	32304	29856	0	101077	35056
85.28	23341ca4e4830bee	63024	2603035	8448	32304	29856	0	101073	35056
85.28	23341ca4e4830bee	63024	2603226	8448	32304	29856	0	101079	35056
85.28	23341ca4e4830bee	63040	2603417	8448	32304	29856	0	101065	35088
85.28	23341ca4e4830bee	63040	2603598	8448	32224	29872	0	101073	35088
85.28	23341ca4e4830bee	63040	2603789	8448	32224	29872	0	101073	35088
85.28	23341ca4e4830bee	63040	2603980	8448	32224	29872	0	101059	35088
85.28	23341ca4e4830bee	63024	2604171	8320	32240	29824	0	101075	35088
85.28	23341ca4e4830bee	63024	2604362	8320	32240	29824	0	101079	35088
85.28	23341ca4e4830bee	63024	2604554	8320	32240	29824	0	101071	35088
85.28	23341ca4e4830bee	63024	2604745	8320	32240	29824	0	101065	35088
85.28	23341ca4e4830bee	63024	2604936	8448	32256	29808	0	101067	35056
85.28	23341ca4e4830bee	63024	2605127	8448	32256	29808	0	101073	35056
85.28	23341ca4e4830bee	63024	2605308	8448	32256	29808	0	101069	35056
85.28	23341ca4e4830bee	63024	2605499	8448	32256	29808	0	101065	35056
85.28	23341ca4e4830bee	63024	2605691	8448	32272	29840	0	101061	35056
85.28	23341ca4e4830bee	63024	2605882	8448	32272	29840	0	101067	35056
85.28	23341ca4e4830bee	63024	2606073	8448	32272	29840	0	101071	35056