Digit_temp	id	light	timestamp	acc_z	acc_y	acc_x	motion	pressure	humid
84.92	23341ca4e4830bee	62976	1691242	8320	32272	29792	0	101083	35120
84.92	23341ca4e4830bee	62976	1691440	8320	32272	29792	0	101079	35120
84.92	23341ca4e4830bee	62976	1691631	8320	32272	29792	0	101077	35120
84.92	23341ca4e4830bee	62976	1691812	8320	32272	29792	0	101089	35120
84.92	23341ca4e4830bee	62976	1692003	8320	32272	29840	0	101089	35104
84.92	23341ca4e4830bee	62976	1692194	8320	32272	29840	0	101079	35104
84.92	23341ca4e4830bee	62976	1692385	8320	32272	29840	0	101077	35104
84.92	23341ca4e4830bee	62976	1692576	8320	32272	29840	0	101083	35104
84.92	23341ca4e4830bee	62976	1692767	8320	32288	29840	0	101085	35136
84.92	23341ca4e4830bee	62976	1692958	8320	32288	29840	0	101077	35136
84.92	23341ca4e4830bee	62976	1693149	8320	32288	29840	0	101077	35136
84.92	23341ca4e4830bee	62976	1693340	8320	32288	29840	0	101077	35184
84.92	23341ca4e4830bee	62976	1693531	8320	32288	29808	0	101083	35184
84.92	23341ca4e4830bee	62976	1693722	8320	32288	29808	0	101079	35184
84.92	23341ca4e4830bee	62976	1693923	8320	32288	29808	0	101083	35184
84.92	23341ca4e4830bee	62976	1694115	8320	32304	29824	0	101079	35120
84.92	23341ca4e4830bee	62976	1694306	8320	32304	29824	0	101079	35120
84.92	23341ca4e4830bee	62976	1694497	8320	32304	29824	0	101083	35120
84.92	23341ca4e4830bee	62976	1694688	8320	32304	29824	0	101085	35120
84.92	23341ca4e4830bee	62976	1694879	8320	32256	29840	0	101077	35216
84.92	23341ca4e4830bee	62976	1695111	8320	32256	29840	0	101077	35216
84.92	23341ca4e4830bee	62976	1695292	8320	32256	29840	0	101083	35216
84.92	23341ca4e4830bee	62976	1695483	8320	32256	29840	0	101077	35216
84.92	23341ca4e4830bee	62976	1695674	8320	32272	29824	0	101083	35200
84.92	23341ca4e4830bee	62976	1695866	8320	32272	29824	0	101081	35200
84.92	23341ca4e4830bee	62976	1696057	8320	32272	29824	0	101079	35200
84.92	23341ca4e4830bee	62976	1696248	8320	32288	29824	0	101083	35184
84.92	23341ca4e4830bee	62976	1696439	8320	32288	29824	0	101073	35184
84.92	23341ca4e4830bee	62976	1696630	8320	32288	29824	0	101085	35184
84.92	23341ca4e4830bee	62976	1696821	8320	32288	29824	0	101077	35184
84.92	23341ca4e4830bee	62976	1697013	8320	32272	29856	0	101077	35120
84.92	23341ca4e4830bee	62976	1697204	8320	32272	29856	0	101073	35120
84.92	23341ca4e4830bee	62976	1697395	8320	32272	29856	0	101073	35120
84.92	23341ca4e4830bee	62976	1697586	8320	32272	29856	0	101079	35120
84.92	23341ca4e4830bee	62976	1697777	8320	32288	29824	0	101079	35184
84.92	23341ca4e4830bee	62976	1697968	8320	32288	29824	0	101083	35184
84.92	23341ca4e4830bee	62976	1698160	8320	32288	29824	0	101073	35184
84.92	23341ca4e4830bee	62976	1698351	8320	32288	29824	0	101079	35184
84.92	23341ca4e4830bee	62976	1698532	8320	32272	29840	0	101073	35200
84.92	23341ca4e4830bee	62976	1698723	8320	32272	29840	0	101079	35200
84.92	23341ca4e4830bee	62976	1698961	8320	32272	29840	0	101073	35200
84.92	23341ca4e4830bee	62976	1699143	8320	32288	29840	0	101083	35216
84.92	23341ca4e4830bee	62976	1699334	8320	32288	29824	0	101085	35216
84.92	23341ca4e4830bee	62976	1699525	8320	32288	29824	0	101073	35216
84.92	23341ca4e4830bee	62976	1699716	8320	32288	29824	0	101089	35216
84.92	23341ca4e4830bee	62976	1699907	8320	32272	29824	0	101077	35152
84.92	23341ca4e4830bee	62976	1700098	8320	32272	29824	0	101079	35152
84.92	23341ca4e4830bee	62976	1700289	8320	32272	29824	0	101077	35152
84.92	23341ca4e4830bee	62976	1700480	8320	32272	29824	0	101079	35152
84.92	23341ca4e4830bee	62976	1700671	8320	32288	29808	0	101081	35072
84.92	23341ca4e4830bee	62976	1700852	8320	32288	29808	0	101079	35072
84.92	23341ca4e4830bee	62976	1701043	8320	32288	29808	0	101087	35072
84.92	23341ca4e4830bee	62976	1701235	8320	32288	29808	0	101079	35072
84.92	23341ca4e4830bee	62976	1701426	8320	32272	29824	0	101083	35200
84.92	23341ca4e4830bee	62976	1701617	8320	32272	29824	0	101067	35200
84.92	23341ca4e4830bee	62976	1701808	8320	32272	29824	0	101067	35200
84.92	23341ca4e4830bee	62976	1702000	8320	32272	29824	0	101083	35088
84.92	23341ca4e4830bee	62976	1702191	8320	32256	29824	0	101075	35088
84.92	23341ca4e4830bee	62976	1702373	8320	32256	29824	0	101075	35088
84.92	23341ca4e4830bee	62976	1702564	8320	32256	29824	0	101075	35088
84.92	23341ca4e4830bee	62976	1702803	8320	32240	29808	0	101073	35136
84.92	23341ca4e4830bee	62976	1702994	8320	32240	29808	0	101075	35136
84.92	23341ca4e4830bee	62976	1703185	8320	32240	29808	0	101079	35136
84.92	23341ca4e4830bee	62976	1703376	8320	32240	29808	0	101083	35136
84.92	23341ca4e4830bee	62976	1703567	8320	32288	29824	0	101067	35088
84.92	23341ca4e4830bee	62976	1703758	8320	32288	29824	0	101079	35088
84.92	23341ca4e4830bee	62976	1703949	8320	32288	29824	0	101083	35088
84.92	23341ca4e4830bee	62976	1704140	8320	32288	29824	0	101083	35088
84.92	23341ca4e4830bee	62976	1704331	8320	32240	29824	0	101079	35120
84.92	23341ca4e4830bee	62976	1704513	8320	32240	29824	0	101079	35120
84.92	23341ca4e4830bee	62976	1704704	8320	32240	29824	0	101087	35120
84.92	23341ca4e4830bee	62976	1704895	8320	32240	29824	0	101083	35232
84.92	23341ca4e4830bee	62976	1705086	8320	32272	29856	0	101071	35232
84.92	23341ca4e4830bee	62976	1705277	8320	32272	29856	0	101077	35232
84.92	23341ca4e4830bee	62976	1705468	8320	32272	29856	0	101083	35232
84.92	23341ca4e4830bee	62976	1705659	8320	32224	29840	0	101079	35200
84.92	23341ca4e4830bee	62976	1705851	8320	32224	29840	0	101077	35200
84.92	23341ca4e4830bee	62976	1706042	8320	32224	29840	0	101077	35200
84.92	23341ca4e4830bee	62976	1706223	8320	32224	29840	0	101073	35200
84.92	23341ca4e4830bee	62976	1706414	8320	32272	29808	0	101083	35120
84.92	23341ca4e4830bee	62976	1706654	8320	32272	29808	0	101079	35120
84.92	23341ca4e4830bee	62976	1706845	8320	32272	29808	0	101081	35120
84.92	23341ca4e4830bee	62976	1707036	8320	32272	29808	0	101071	35120
84.92	23341ca4e4830bee	62976	1707227	8320	32240	29776	0	101079	35120
84.92	23341ca4e4830bee	62976	1707418	8320	32240	29776	0	101071	35120
84.92	23341ca4e4830bee	62976	1707609	8320	32240	29776	0	101077	35120
84.92	23341ca4e4830bee	62976	1707800	8320	32240	29776	0	101079	35152
84.92	23341ca4e4830bee	62976	1707992	8320	32288	29824	0	101085	35152
84.92	23341ca4e4830bee	62976	1708183	8320	32288	29824	0	101075	35152
84.92	23341ca4e4830bee	62976	1708374	8320	32288	29824	0	101079	35152
84.92	23341ca4e4830bee	62976	1708566	8320	32272	29856	0	101077	35184
84.92	23341ca4e4830bee	62976	1708757	8320	32272	29856	0	101075	35184
84.92	23341ca4e4830bee	62976	1708948	8320	32272	29856	0	101079	35184
84.92	23341ca4e4830bee	62976	1709139	8320	32272	29856	0	101077	35184
84.92	23341ca4e4830bee	62976	1709330	8320	32256	29824	0	101081	35168
84.92	23341ca4e4830bee	62976	1709521	8320	32256	29824	0	101075	35168
84.92	23341ca4e4830bee	62976	1709713	8320	32256	29824	0	101075	35168
84.92	23341ca4e4830bee	62976	1709904	8320	32256	29824	0	101075	35168
84.92	23341ca4e4830bee	62976	1710095	8320	32240	29840	0	101077	35184
84.92	23341ca4e4830bee	62976	1710286	8320	32240	29840	0	101083	35184
84.92	23341ca4e4830bee	62976	1710529	8320	32240	29840	0	101081	35184
84.92	23341ca4e4830bee	62976	1710720	8320	32240	29824	0	101081	35152
84.92	23341ca4e4830bee	62976	1710912	8320	32240	29824	0	101083	35152
84.92	23341ca4e4830bee	62976	1711103	8320	32240	29824	0	101087	35152
84.92	23341ca4e4830bee	62976	1711284	8320	32240	29824	0	101083	35152
84.92	23341ca4e4830bee	62976	1711475	8320	32272	29808	0	101081	35184
84.92	23341ca4e4830bee	62976	1711666	8320	32272	29808	0	101077	35184
84.92	23341ca4e4830bee	62976	1711867	8320	32272	29808	0	101087	35184
84.92	23341ca4e4830bee	62976	1712058	8320	32272	29808	0	101075	35184
84.92	23341ca4e4830bee	62976	1712250	8320	32272	29840	0	101087	35152
84.92	23341ca4e4830bee	62976	1712441	8320	32272	29840	0	101083	35152
84.92	23341ca4e4830bee	62976	1712632	8320	32272	29840	0	101085	35152
84.92	23341ca4e4830bee	62976	1712823	8320	32272	29840	0	101077	35152
84.92	23341ca4e4830bee	62976	1713014	8320	32272	29824	0	101081	35168
84.92	23341ca4e4830bee	62976	1713205	8320	32272	29824	0	101075	35168
84.92	23341ca4e4830bee	62976	1713396	8320	32272	29824	0	101079	35168
84.92	23341ca4e4830bee	62976	1713588	8192	32256	29824	0	101091	35104
84.92	23341ca4e4830bee	62976	1713779	8192	32256	29840	0	101075	35104
84.92	23341ca4e4830bee	62976	1713970	8192	32256	29840	0	101083	35104
84.92	23341ca4e4830bee	62976	1714161	8192	32256	29840	0	101083	35104
84.92	23341ca4e4830bee	62976	1714401	8320	32240	29840	0	101081	35184
84.92	23341ca4e4830bee	62976	1714592	8320	32240	29840	0	101077	35184
84.92	23341ca4e4830bee	62976	1714783	8320	32240	29840	0	101079	35184
84.92	23341ca4e4830bee	62976	1714964	8320	32240	29840	0	101085	35184
84.92	23341ca4e4830bee	62976	1715155	8320	32272	29824	0	101081	35184
84.92	23341ca4e4830bee	62976	1715346	8320	32272	29824	0	101085	35184
84.92	23341ca4e4830bee	62976	1715537	8320	32272	29824	0	101073	35184
84.92	23341ca4e4830bee	62976	1715728	8320	32272	29824	0	101079	35184
84.92	23341ca4e4830bee	62976	1715919	8320	32288	29824	0	101087	35184
84.92	23341ca4e4830bee	62976	1716110	8320	32288	29824	0	101077	35184
84.92	23341ca4e4830bee	62976	1716304	8320	32288	29824	0	101079	35184
84.92	23341ca4e4830bee	62976	1716495	8320	32256	29840	0	101087	35168
84.92	23341ca4e4830bee	62976	1716687	8320	32256	29840	0	101075	35168
84.92	23341ca4e4830bee	62976	1716878	8320	32256	29840	0	101085	35168
84.92	23341ca4e4830bee	62976	1717069	8320	32256	29840	0	101075	35168
84.92	23341ca4e4830bee	62976	1717260	8320	32288	29824	0	101081	35168
84.92	23341ca4e4830bee	62976	1717451	8320	32288	29824	0	101085	35168
84.92	23341ca4e4830bee	62976	1717643	8320	32288	29824	0	101091	35168
84.92	23341ca4e4830bee	62976	1717824	8320	32288	29824	0	101073	35168
84.92	23341ca4e4830bee	62976	1718015	8320	32272	29808	0	101085	35184
84.92	23341ca4e4830bee	62976	1718246	8320	32272	29808	0	101073	35184
84.92	23341ca4e4830bee	62976	1718437	8320	32272	29808	0	101073	35184
84.92	23341ca4e4830bee	62976	1718629	8320	32272	29808	0	101079	35152
84.92	23341ca4e4830bee	62976	1718820	8320	32256	29824	0	101081	35152
84.92	23341ca4e4830bee	62976	1719011	8320	32256	29824	0	101085	35152
84.92	23341ca4e4830bee	62976	1719202	8320	32256	29824	0	101075	35152
84.92	23341ca4e4830bee	62976	1719393	8320	32288	29872	0	101087	35168
84.92	23341ca4e4830bee	62976	1719584	8320	32288	29872	0	101075	35168
84.92	23341ca4e4830bee	62976	1719775	8320	32288	29872	0	101079	35168
84.92	23341ca4e4830bee	62976	1719966	8320	32288	29872	0	101085	35168
84.92	23341ca4e4830bee	62976	1720157	8320	32272	29840	0	101075	35136
84.92	23341ca4e4830bee	62976	1720348	8320	32272	29840	0	101079	35136
84.92	23341ca4e4830bee	62976	1720540	8320	32272	29840	0	101081	35136
84.92	23341ca4e4830bee	62976	1720731	8320	32272	29840	0	101079	35136
84.92	23341ca4e4830bee	62976	1720922	8320	32240	29856	0	101085	35120
84.92	23341ca4e4830bee	62976	1721113	8320	32240	29856	0	101083	35120
84.92	23341ca4e4830bee	62976	1721306	8320	32240	29856	0	101075	35120
84.92	23341ca4e4830bee	62976	1721498	8320	32240	29856	0	101079	35184
84.92	23341ca4e4830bee	62992	1721689	8320	32256	29808	0	101077	35184
84.92	23341ca4e4830bee	62992	1721880	8320	32256	29808	0	101079	35184
84.92	23341ca4e4830bee	62992	1722121	8320	32256	29808	0	101081	35184
84.92	23341ca4e4830bee	62976	1722312	8320	32272	29808	0	101081	35152
84.92	23341ca4e4830bee	62976	1722508	8320	32272	29808	0	101073	35152
84.92	23341ca4e4830bee	62976	1722699	8320	32272	29808	0	101081	35152
84.92	23341ca4e4830bee	62976	1722890	8320	32272	29808	0	101079	35152
84.92	23341ca4e4830bee	62976	1723081	8320	32224	29808	0	101069	35152
84.92	23341ca4e4830bee	62976	1723273	8320	32224	29808	0	101083	35152
84.92	23341ca4e4830bee	62976	1723464	8320	32224	29808	0	101087	35152
84.92	23341ca4e4830bee	62976	1723645	8320	32224	29808	0	101079	35152
84.92	23341ca4e4830bee	62992	1723836	8320	32256	29840	0	101075	35168
84.92	23341ca4e4830bee	62992	1724027	8320	32256	29840	0	101087	35168
84.92	23341ca4e4830bee	62992	1724218	8320	32256	29840	0	101077	35168
84.92	23341ca4e4830bee	62992	1724409	8320	32256	29840	0	101077	35104
84.92	23341ca4e4830bee	62992	1724600	8320	32304	29824	0	101081	35104
84.92	23341ca4e4830bee	62992	1724792	8320	32304	29824	0	101083	35104
84.92	23341ca4e4830bee	62992	1724983	8320	32304	29824	0	101083	35104
84.92	23341ca4e4830bee	63008	1725174	8320	32256	29840	0	101091	35120
84.92	23341ca4e4830bee	63008	1725375	8320	32256	29840	1	101073	35120
84.92	23341ca4e4830bee	63008	1725566	8320	32256	29840	1	101085	35120
84.92	23341ca4e4830bee	63008	1725758	8320	32256	29840	1	101081	35120
84.92	23341ca4e4830bee	63184	1725987	8320	32288	29824	1	101081	35152
84.92	23341ca4e4830bee	63184	1726178	8320	32288	29824	1	101083	35152
84.92	23341ca4e4830bee	63184	1726370	8320	32288	29824	1	101077	35152
84.92	23341ca4e4830bee	63184	1726561	8320	32288	29824	1	101081	35168
84.92	23341ca4e4830bee	63440	1726752	8320	32288	29840	1	101083	35168
84.92	23341ca4e4830bee	63440	1726943	8320	32288	29840	0	101083	35168
84.92	23341ca4e4830bee	63440	1727134	8320	32288	29840	1	101081	35168
84.92	23341ca4e4830bee	64048	1727315	8320	32288	29840	1	101073	35168
84.92	23341ca4e4830bee	64048	1727506	8320	32288	29824	1	101079	35168
84.92	23341ca4e4830bee	64048	1727697	8320	32288	29824	1	101079	35168
84.92	23341ca4e4830bee	64048	1727889	8320	32288	29824	1	101085	35168
84.92	23341ca4e4830bee	63968	1728080	8320	32272	29840	1	101087	35152
84.92	23341ca4e4830bee	63968	1728277	8320	32272	29840	1	101085	35152
84.92	23341ca4e4830bee	63968	1728468	8320	32272	29840	1	101085	35152
84.74	23341ca4e4830bee	63968	1728659	8320	32272	29840	1	101083	35152
84.92	23341ca4e4830bee	64096	1728851	8320	32256	29840	1	101075	35136
84.74	23341ca4e4830bee	64096	1729042	8320	32256	29840	1	101075	35136
84.74	23341ca4e4830bee	64096	1729233	8320	32256	29840	1	101077	35136
84.74	23341ca4e4830bee	64096	1729424	8320	32256	29840	0	101081	35136
84.74	23341ca4e4830bee	63984	1729605	8320	32256	29872	1	101081	35120
84.74	23341ca4e4830bee	63984	1729847	8320	32256	29872	1	101083	35120
84.74	23341ca4e4830bee	63984	1730038	8320	32256	29872	1	101083	35120
84.74	23341ca4e4830bee	64032	1730229	8320	32256	29808	1	101079	35184
84.74	23341ca4e4830bee	64032	1730420	8320	32256	29808	1	101079	35184
84.74	23341ca4e4830bee	64032	1730611	8320	32256	29808	1	101081	35184
84.74	23341ca4e4830bee	64032	1730803	8320	32256	29808	1	101085	35184
84.74	23341ca4e4830bee	64080	1730994	8320	32288	29824	1	101083	35104
84.74	23341ca4e4830bee	64080	1731185	8320	32288	29824	1	101069	35104
84.74	23341ca4e4830bee	64080	1731366	8320	32288	29824	1	101075	35104
84.74	23341ca4e4830bee	64080	1731557	8320	32288	29824	1	101081	35104
84.74	23341ca4e4830bee	64096	1731748	8192	32256	29824	1	101085	35184
84.74	23341ca4e4830bee	64096	1731939	8192	32256	29824	0	101085	35184
84.74	23341ca4e4830bee	64096	1732130	8192	32256	29824	0	101075	35184
84.74	23341ca4e4830bee	64096	1732321	8320	32256	29824	1	101079	35184
84.74	23341ca4e4830bee	63328	1732513	8320	32224	29824	1	101079	35152
84.74	23341ca4e4830bee	63328	1732704	8320	32224	29824	1	101077	35152
84.74	23341ca4e4830bee	63328	1732895	8320	32224	29824	0	101079	35152
84.74	23341ca4e4830bee	63248	1733076	8320	32224	29824	0	101075	35120
84.74	23341ca4e4830bee	63248	1733268	8320	32256	29856	0	101073	35120
84.74	23341ca4e4830bee	63248	1733459	8320	32256	29856	1	101079	35120
84.74	23341ca4e4830bee	63248	1733700	8320	32256	29856	0	101079	35120
84.74	23341ca4e4830bee	63392	1733891	8320	32256	29824	1	101091	35184
84.74	23341ca4e4830bee	63392	1734082	8320	32256	29824	1	101079	35184
84.74	23341ca4e4830bee	63392	1734273	8320	32256	29824	1	101089	35184
84.74	23341ca4e4830bee	63392	1734464	8320	32256	29824	1	101085	35184
84.74	23341ca4e4830bee	63264	1734655	8320	32256	29840	1	101071	35152
84.74	23341ca4e4830bee	63264	1734836	8320	32256	29840	1	101075	35152
84.74	23341ca4e4830bee	63264	1735027	8320	32256	29840	1	101083	35152
84.74	23341ca4e4830bee	63264	1735218	8320	32256	29840	0	101075	35152
84.74	23341ca4e4830bee	63264	1735410	8320	32288	29824	0	101079	35168
84.74	23341ca4e4830bee	63264	1735601	8320	32288	29824	0	101077	35168
84.74	23341ca4e4830bee	63264	1735792	8320	32288	29824	0	101081	35168
84.74	23341ca4e4830bee	63248	1735983	8320	32304	29824	1	101077	35136
84.74	23341ca4e4830bee	63248	1736174	8320	32304	29840	1	101083	35136
84.74	23341ca4e4830bee	63248	1736365	8320	32304	29840	1	101065	35136
84.74	23341ca4e4830bee	63248	1736546	8320	32304	29840	1	101071	35136
84.74	23341ca4e4830bee	63248	1736738	8320	32256	29824	0	101083	35152
84.92	23341ca4e4830bee	63248	1736929	8320	32256	29824	0	101089	35152
84.92	23341ca4e4830bee	63248	1737120	8320	32256	29824	0	101087	35152
84.74	23341ca4e4830bee	63248	1737312	8320	32256	29824	0	101083	35152
84.92	23341ca4e4830bee	63248	1737550	8320	32288	29840	0	101087	35136
84.92	23341ca4e4830bee	63248	1737741	8320	32288	29840	0	101077	35136
84.92	23341ca4e4830bee	63248	1737932	8320	32288	29840	1	101075	35136
84.92	23341ca4e4830bee	63248	1738124	8320	32288	29840	1	101081	35136
84.92	23341ca4e4830bee	63248	1738321	8320	32288	29824	1	101079	35136
84.92	23341ca4e4830bee	63248	1738512	8320	32288	29824	0	101075	35136
84.92	23341ca4e4830bee	63248	1738703	8320	32288	29824	0	101077	35136
84.92	23341ca4e4830bee	63232	1738894	8320	32272	29808	0	101083	35152
84.92	23341ca4e4830bee	63232	1739085	8320	32272	29808	0	101083	35152
84.92	23341ca4e4830bee	63232	1739276	8320	32272	29808	0	101079	35152
84.92	23341ca4e4830bee	63232	1739467	8320	32272	29808	1	101081	35152
84.92	23341ca4e4830bee	63232	1739658	8320	32224	29872	1	101087	35168
84.92	23341ca4e4830bee	63232	1739850	8320	32224	29872	0	101087	35168
84.92	23341ca4e4830bee	63232	1740041	8320	32224	29872	0	101091	35168
84.92	23341ca4e4830bee	63232	1740232	8320	32224	29872	0	101077	35168
84.92	23341ca4e4830bee	63216	1740423	8320	32272	29856	1	101089	35168
84.92	23341ca4e4830bee	63216	1740614	8320	32272	29856	1	101087	35168
84.92	23341ca4e4830bee	63216	1740805	8320	32272	29856	1	101085	35168
84.92	23341ca4e4830bee	63216	1740987	8320	32272	29856	1	101079	35168
84.92	23341ca4e4830bee	63216	1741178	8320	32272	29824	1	101073	35136
84.92	23341ca4e4830bee	63216	1741417	8320	32272	29824	0	101081	35136
84.92	23341ca4e4830bee	63216	1741608	8320	32272	29824	1	101081	35136
84.92	23341ca4e4830bee	63216	1741799	8320	32272	29840	1	101079	35168
84.92	23341ca4e4830bee	63216	1741990	8320	32272	29840	1	101091	35168
84.92	23341ca4e4830bee	63216	1742181	8320	32272	29840	1	101077	35168
84.74	23341ca4e4830bee	63216	1742373	8320	32272	29840	1	101071	35168
84.92	23341ca4e4830bee	63216	1742564	8320	32272	29824	0	101081	35120
84.74	23341ca4e4830bee	63216	1742755	8320	32272	29824	0	101081	35120
84.74	23341ca4e4830bee	63216	1742957	8320	32272	29824	0	101071	35120
84.74	23341ca4e4830bee	63216	1743148	8320	32272	29824	0	101081	35120
84.74	23341ca4e4830bee	63216	1743339	8320	32256	29824	1	101081	35152
84.74	23341ca4e4830bee	63216	1743530	8320	32256	29824	1	101071	35152
84.74	23341ca4e4830bee	63216	1743722	8320	32256	29824	1	101081	35152
84.74	23341ca4e4830bee	63200	1743913	8320	32256	29824	1	101077	35152
84.74	23341ca4e4830bee	63200	1744104	8320	32240	29824	1	101073	35152
84.74	23341ca4e4830bee	63200	1744295	8320	32240	29824	1	101077	35152
84.74	23341ca4e4830bee	63200	1744486	8320	32240	29824	1	101091	35152
84.74	23341ca4e4830bee	63200	1744668	8320	32240	29824	1	101077	35152
84.74	23341ca4e4830bee	63200	1744859	8320	32240	29824	1	101071	35152
84.74	23341ca4e4830bee	63200	1745050	8320	32240	29824	0	101087	35152
84.74	23341ca4e4830bee	63200	1745301	8320	32240	29824	0	101091	35152
84.74	23341ca4e4830bee	63184	1745492	8320	32256	29808	0	101079	35152
84.74	23341ca4e4830bee	63184	1745683	8320	32256	29808	0	101079	35152
84.74	23341ca4e4830bee	63184	1745875	8320	32256	29808	0	101079	35152
84.74	23341ca4e4830bee	63184	1746066	8320	32256	29808	1	101081	35152
84.74	23341ca4e4830bee	63360	1746257	8320	32256	29808	1	101079	35152
84.74	23341ca4e4830bee	63360	1746438	8320	32256	29808	1	101087	35152
84.74	23341ca4e4830bee	63360	1746629	8320	32256	29808	1	101081	35152
84.74	23341ca4e4830bee	64016	1746820	8320	32288	29808	1	101069	35168
84.74	23341ca4e4830bee	64016	1747012	8320	32288	29808	1	101071	35168
84.74	23341ca4e4830bee	64016	1747203	8320	32288	29808	0	101081	35168
84.74	23341ca4e4830bee	64016	1747394	8320	32288	29808	0	101071	35168
84.74	23341ca4e4830bee	63344	1747585	8320	32256	29824	0	101075	35152
84.74	23341ca4e4830bee	63344	1747776	8320	32256	29824	0	101077	35152
84.74	23341ca4e4830bee	63344	1747967	8320	32256	29824	0	101075	35152
84.74	23341ca4e4830bee	63344	1748158	8320	32256	29824	1	101077	35152
84.74	23341ca4e4830bee	63168	1748350	8192	32240	29824	1	101085	35168
84.74	23341ca4e4830bee	63168	1748541	8192	32240	29824	1	101075	35168
84.74	23341ca4e4830bee	63168	1748732	8192	32240	29824	1	101073	35168
84.74	23341ca4e4830bee	63168	1748923	8320	32240	29824	1	101077	35168
84.74	23341ca4e4830bee	63040	1749162	8320	32272	29840	1	101073	35136
84.74	23341ca4e4830bee	63040	1749354	8320	32272	29840	1	101073	35136
84.74	23341ca4e4830bee	63040	1749545	8320	32272	29840	1	101083	35136
84.74	23341ca4e4830bee	63008	1749736	8320	32272	29856	0	101077	35168
84.74	23341ca4e4830bee	63008	1749927	8320	32272	29856	0	101079	35168
84.74	23341ca4e4830bee	63008	1750108	8320	32272	29856	0	101077	35168
84.74	23341ca4e4830bee	63008	1750303	8320	32272	29856	0	101071	35168
84.74	23341ca4e4830bee	63008	1750494	8320	32272	29856	0	101083	35152
84.74	23341ca4e4830bee	63008	1750685	8320	32272	29856	1	101083	35152
84.74	23341ca4e4830bee	63008	1750876	8320	32272	29856	1	101069	35152
84.74	23341ca4e4830bee	63008	1751068	8320	32272	29856	1	101075	35152
84.74	23341ca4e4830bee	62992	1751259	8320	32256	29824	1	101077	35152
84.74	23341ca4e4830bee	62992	1751450	8320	32256	29824	1	101081	35152
84.74	23341ca4e4830bee	62992	1751641	8320	32256	29824	1	101077	35152
84.74	23341ca4e4830bee	62992	1751832	8192	32256	29824	0	101081	35152
84.74	23341ca4e4830bee	62992	1752023	8192	32240	29824	0	101081	35168
84.74	23341ca4e4830bee	62992	1752215	8192	32240	29824	0	101085	35168
84.74	23341ca4e4830bee	62992	1752406	8192	32240	29824	0	101083	35168
84.74	23341ca4e4830bee	62992	1752597	8320	32256	29824	0	101067	35184
84.74	23341ca4e4830bee	62992	1752778	8320	32256	29856	0	101075	35184
84.74	23341ca4e4830bee	62992	1753016	8320	32256	29856	0	101087	35184
84.74	23341ca4e4830bee	62992	1753207	8320	32256	29856	0	101079	35184
84.74	23341ca4e4830bee	62992	1753388	8320	32240	29824	0	101077	35152
84.74	23341ca4e4830bee	62992	1753580	8320	32240	29824	0	101085	35152
84.74	23341ca4e4830bee	62992	1753771	8320	32240	29824	0	101083	35152
84.74	23341ca4e4830bee	62992	1753962	8320	32240	29824	0	101077	35152
84.74	23341ca4e4830bee	62992	1754153	8320	32272	29824	0	101077	35136
84.74	23341ca4e4830bee	62992	1754344	8320	32272	29824	0	101075	35136
84.74	23341ca4e4830bee	62992	1754535	8320	32272	29824	0	101085	35136
84.74	23341ca4e4830bee	62992	1754726	8192	32272	29824	0	101077	35184
84.74	23341ca4e4830bee	62992	1754917	8192	32256	29824	0	101077	35184
84.74	23341ca4e4830bee	62992	1755098	8192	32256	29824	0	101075	35184
84.74	23341ca4e4830bee	62992	1755289	8192	32256	29824	0	101075	35184
84.74	23341ca4e4830bee	62976	1755481	8320	32256	29824	0	101081	35200
84.74	23341ca4e4830bee	62976	1755672	8320	32256	29808	0	101077	35200
84.74	23341ca4e4830bee	62976	1755863	8320	32256	29808	0	101077	35200
84.74	23341ca4e4830bee	62976	1756054	8320	32256	29808	0	101077	35200
84.74	23341ca4e4830bee	62992	1756245	8320	32272	29824	0	101079	35200
84.74	23341ca4e4830bee	62992	1756437	8320	32272	29824	0	101077	35200
84.74	23341ca4e4830bee	62992	1756628	8320	32272	29824	0	101077	35200
84.74	23341ca4e4830bee	62992	1756868	8320	32272	29824	0	101073	35200
84.74	23341ca4e4830bee	62992	1757049	8320	32272	29840	0	101075	35168
84.74	23341ca4e4830bee	62992	1757240	8320	32272	29840	0	101077	35168
84.74	23341ca4e4830bee	62992	1757431	8320	32272	29840	0	101087	35168
84.74	23341ca4e4830bee	62992	1757622	8320	32272	29840	0	101073	35184
84.74	23341ca4e4830bee	62976	1757814	8320	32272	29808	0	101083	35184
84.74	23341ca4e4830bee	62976	1758005	8320	32272	29808	0	101083	35184
84.74	23341ca4e4830bee	62976	1758196	8320	32272	29808	0	101083	35184
84.74	23341ca4e4830bee	62976	1758387	8320	32256	29824	0	101085	35184
84.74	23341ca4e4830bee	62976	1758578	8320	32256	29824	0	101083	35184
84.74	23341ca4e4830bee	62976	1758759	8320	32256	29824	0	101083	35184
84.74	23341ca4e4830bee	62976	1758950	8320	32256	29824	0	101079	35184
84.74	23341ca4e4830bee	62976	1759141	8320	32320	29824	0	101083	35104
84.74	23341ca4e4830bee	62976	1759335	8320	32320	29824	0	101083	35104
84.74	23341ca4e4830bee	62976	1759527	8320	32320	29824	0	101077	35104
84.74	23341ca4e4830bee	62976	1759718	8320	32320	29824	0	101083	35104
84.74	23341ca4e4830bee	62992	1759899	8192	32288	29840	0	101079	35104
84.74	23341ca4e4830bee	62992	1760090	8192	32288	29840	0	101079	35104
84.74	23341ca4e4830bee	62992	1760281	8192	32288	29840	0	101085	35104
84.74	23341ca4e4830bee	62992	1760473	8320	32288	29840	0	101085	35104
84.74	23341ca4e4830bee	62992	1760717	8320	32304	29840	0	101083	35120
84.74	23341ca4e4830bee	62992	1760908	8320	32304	29840	0	101083	35120
84.74	23341ca4e4830bee	62992	1761099	8320	32304	29840	0	101079	35120
84.74	23341ca4e4830bee	62992	1761280	8320	32256	29840	0	101085	35200
84.74	23341ca4e4830bee	62992	1761471	8320	32256	29840	0	101083	35200
84.74	23341ca4e4830bee	62992	1761662	8320	32256	29840	0	101077	35200
84.74	23341ca4e4830bee	62992	1761853	8320	32256	29840	0	101083	35200
84.74	23341ca4e4830bee	62992	1762044	8192	32256	29840	0	101077	35136
84.74	23341ca4e4830bee	62992	1762235	8192	32256	29840	0	101079	35136
84.74	23341ca4e4830bee	62992	1762426	8192	32256	29840	0	101083	35136
84.74	23341ca4e4830bee	62992	1762617	8192	32256	29840	0	101077	35136
84.74	23341ca4e4830bee	62992	1762809	8192	32288	29840	0	101077	35168
84.74	23341ca4e4830bee	62992	1762990	8192	32288	29840	0	101083	35168
84.74	23341ca4e4830bee	62992	1763181	8192	32288	29840	0	101081	35168
84.74	23341ca4e4830bee	62992	1763373	8320	32288	29840	0	101077	35168
84.74	23341ca4e4830bee	62992	1763564	8320	32256	29776	0	101081	35184
84.74	23341ca4e4830bee	62992	1763755	8320	32256	29776	0	101081	35184
84.74	23341ca4e4830bee	62992	1763946	8320	32256	29776	0	101087	35184
84.74	23341ca4e4830bee	62992	1764138	8320	32256	29776	0	101075	35184
84.74	23341ca4e4830bee	62992	1764329	8320	32272	29808	0	101089	35184
84.74	23341ca4e4830bee	62992	1764558	8320	32272	29808	0	101077	35184
84.74	23341ca4e4830bee	62992	1764749	8320	32272	29808	0	101081	35184
84.74	23341ca4e4830bee	62976	1764930	8320	32256	29824	0	101077	35152
84.74	23341ca4e4830bee	62976	1765121	8320	32256	29824	0	101083	35152
84.74	23341ca4e4830bee	62976	1765312	8320	32256	29824	0	101075	35152
84.74	23341ca4e4830bee	62976	1765504	8320	32256	29824	0	101075	35152
84.74	23341ca4e4830bee	62976	1765695	8192	32272	29856	0	101087	35136
84.74	23341ca4e4830bee	62976	1765886	8192	32272	29856	0	101071	35136
84.74	23341ca4e4830bee	62976	1766077	8192	32272	29856	0	101081	35136
84.74	23341ca4e4830bee	62976	1766268	8320	32272	29856	0	101083	35136
84.74	23341ca4e4830bee	62992	1766459	8320	32240	29808	0	101077	35152
84.74	23341ca4e4830bee	62992	1766650	8320	32240	29808	0	101069	35152
84.74	23341ca4e4830bee	62992	1766841	8320	32240	29808	0	101073	35152
84.74	23341ca4e4830bee	62992	1767032	8192	32240	29808	0	101079	35184
84.74	23341ca4e4830bee	62992	1767224	8192	32288	29824	0	101079	35184
84.74	23341ca4e4830bee	62992	1767415	8192	32288	29824	0	101079	35184
84.74	23341ca4e4830bee	62992	1767606	8192	32288	29824	0	101089	35184
84.74	23341ca4e4830bee	62976	1767797	8192	32272	29792	0	101081	35152
84.74	23341ca4e4830bee	62976	1767989	8192	32272	29792	0	101075	35152
84.74	23341ca4e4830bee	62976	1768170	8192	32272	29792	0	101075	35152
84.74	23341ca4e4830bee	62976	1768411	8192	32272	29792	0	101085	35152
84.74	23341ca4e4830bee	62976	1768602	8192	32288	29808	0	101083	35152
84.74	23341ca4e4830bee	62976	1768793	8192	32288	29808	0	101077	35152
84.74	23341ca4e4830bee	62976	1768984	8192	32288	29808	0	101077	35152
84.74	23341ca4e4830bee	62976	1769175	8192	32288	29808	0	101073	35152
84.74	23341ca4e4830bee	62976	1769366	8192	32272	29840	0	101089	35152
84.74	23341ca4e4830bee	62976	1769558	8192	32272	29840	0	101073	35152
84.74	23341ca4e4830bee	62976	1769749	8192	32272	29840	0	101083	35152
84.74	23341ca4e4830bee	62976	1769940	8320	32240	29840	0	101071	35152
84.74	23341ca4e4830bee	62976	1770131	8320	32240	29840	0	101079	35152
84.74	23341ca4e4830bee	62976	1770342	8320	32240	29840	0	101083	35152
84.74	23341ca4e4830bee	62976	1770533	8320	32240	29840	0	101077	35152
84.74	23341ca4e4830bee	62976	1770724	8320	32272	29824	0	101083	35168
84.74	23341ca4e4830bee	62976	1770916	8320	32272	29824	0	101083	35168
84.74	23341ca4e4830bee	62976	1771107	8320	32272	29824	0	101075	35168
84.74	23341ca4e4830bee	62976	1771298	8320	32272	29824	0	101075	35168
84.74	23341ca4e4830bee	62976	1771489	8320	32272	29856	0	101077	35120
84.74	23341ca4e4830bee	62976	1771670	8320	32272	29856	0	101073	35120
84.74	23341ca4e4830bee	62976	1771862	8320	32272	29856	0	101087	35120
84.74	23341ca4e4830bee	62976	1772053	8320	32272	29856	0	101083	35120
84.74	23341ca4e4830bee	62976	1772282	8320	32256	29792	0	101083	35152
84.74	23341ca4e4830bee	62976	1772473	8320	32256	29792	0	101093	35152
84.74	23341ca4e4830bee	62976	1772664	8320	32256	29792	0	101077	35152
84.74	23341ca4e4830bee	62976	1772855	8192	32240	29792	0	101079	35120
84.74	23341ca4e4830bee	62976	1773046	8192	32240	29792	0	101079	35120
84.74	23341ca4e4830bee	62976	1773241	8192	32240	29792	0	101077	35120
84.74	23341ca4e4830bee	62976	1773432	8192	32240	29792	0	101079	35120
84.74	23341ca4e4830bee	62976	1773624	8320	32288	29824	0	101077	35136
84.74	23341ca4e4830bee	62976	1773815	8320	32288	29824	0	101079	35136
84.74	23341ca4e4830bee	62976	1774006	8320	32288	29824	0	101083	35136
84.74	23341ca4e4830bee	62976	1774197	8320	32288	29824	0	101079	35136
84.74	23341ca4e4830bee	62976	1774393	8320	32272	29840	0	101079	35184
84.74	23341ca4e4830bee	62976	1774584	8320	32272	29840	0	101071	35184
84.74	23341ca4e4830bee	62976	1774775	8320	32272	29840	0	101077	35184
84.74	23341ca4e4830bee	62976	1774966	8320	32272	29840	0	101079	35136
84.74	23341ca4e4830bee	62976	1775157	8320	32256	29872	0	101079	35136
84.74	23341ca4e4830bee	62976	1775348	8320	32256	29872	0	101077	35136
84.74	23341ca4e4830bee	62976	1775540	8320	32256	29872	0	101073	35136
84.74	23341ca4e4830bee	62976	1775721	8320	32256	29856	0	101083	35152
84.74	23341ca4e4830bee	62976	1775912	8320	32256	29856	0	101071	35152
84.74	23341ca4e4830bee	62976	1776154	8320	32256	29856	0	101083	35152
84.74	23341ca4e4830bee	62976	1776345	8320	32256	29856	0	101071	35152
84.74	23341ca4e4830bee	62976	1776536	8320	32272	29824	0	101083	35184
84.74	23341ca4e4830bee	62976	1776727	8320	32272	29824	0	101071	35184
84.74	23341ca4e4830bee	62976	1776918	8320	32272	29824	0	101083	35184
84.74	23341ca4e4830bee	62976	1777110	8320	32272	29824	0	101073	35184
84.74	23341ca4e4830bee	62976	1777301	8320	32256	29840	0	101077	35088
84.74	23341ca4e4830bee	62976	1777482	8320	32256	29840	0	101077	35088
84.74	23341ca4e4830bee	62976	1777673	8320	32256	29840	0	101083	35088
84.74	23341ca4e4830bee	62976	1777864	8320	32256	29840	0	101077	35184
84.74	23341ca4e4830bee	62976	1778055	8320	32256	29840	0	101077	35184
84.74	23341ca4e4830bee	62976	1778246	8320	32256	29840	0	101079	35184
84.74	23341ca4e4830bee	62976	1778437	8320	32256	29840	0	101085	35184
84.74	23341ca4e4830bee	62976	1778629	8192	32288	29824	0	101079	35152
84.74	23341ca4e4830bee	62976	1778820	8192	32288	29824	0	101083	35152
84.74	23341ca4e4830bee	62976	1779001	8192	32288	29824	0	101089	35152
84.74	23341ca4e4830bee	62976	1779192	8192	32288	29824	0	101085	35152
84.74	23341ca4e4830bee	62976	1779384	8320	32304	29824	0	101067	35184
84.74	23341ca4e4830bee	62976	1779575	8320	32304	29824	0	101079	35184
84.74	23341ca4e4830bee	62976	1779766	8320	32304	29824	0	101071	35184
84.74	23341ca4e4830bee	62976	1780005	8320	32304	29824	0	101089	35136
84.74	23341ca4e4830bee	62976	1780196	8320	32256	29840	0	101077	35136
84.74	23341ca4e4830bee	62976	1780387	8320	32256	29840	0	101075	35136
84.74	23341ca4e4830bee	62976	1780578	8320	32256	29840	0	101077	35136
84.74	23341ca4e4830bee	62976	1780769	8320	32272	29840	0	101075	35136
84.74	23341ca4e4830bee	62976	1780961	8320	32272	29824	0	101083	35136
84.74	23341ca4e4830bee	62976	1781142	8320	32272	29824	0	101071	35136
84.74	23341ca4e4830bee	62976	1781343	8320	32272	29824	0	101077	35136
84.74	23341ca4e4830bee	62976	1781534	8320	32240	29824	0	101077	35088
84.74	23341ca4e4830bee	62976	1781725	8320	32240	29824	0	101079	35088
84.74	23341ca4e4830bee	62976	1781916	8320	32240	29824	0	101079	35088
84.74	23341ca4e4830bee	62976	1782107	8320	32240	29824	0	101073	35088
84.74	23341ca4e4830bee	62976	1782303	8320	32256	29840	0	101079	35104
84.74	23341ca4e4830bee	62976	1782494	8320	32256	29840	0	101085	35104
84.74	23341ca4e4830bee	62976	1782685	8320	32256	29840	0	101069	35104
84.74	23341ca4e4830bee	62976	1782877	8320	32256	29840	0	101079	35104
84.74	23341ca4e4830bee	62960	1783068	8320	32240	29840	0	101085	35184
84.74	23341ca4e4830bee	62960	1783259	8320	32240	29840	0	101073	35184
84.74	23341ca4e4830bee	62960	1783450	8320	32240	29840	0	101077	35184
84.74	23341ca4e4830bee	62976	1783632	8192	32240	29840	0	101083	35136
84.74	23341ca4e4830bee	62976	1783876	8192	32256	29840	0	101077	35136
84.74	23341ca4e4830bee	62976	1784067	8192	32256	29840	0	101071	35136
84.74	23341ca4e4830bee	62976	1784258	8192	32256	29840	0	101075	35136
84.74	23341ca4e4830bee	62976	1784449	8320	32256	29840	0	101075	35136
84.74	23341ca4e4830bee	62976	1784640	8320	32256	29840	0	101077	35136
84.74	23341ca4e4830bee	62976	1784832	8320	32256	29840	0	101075	35136
84.74	23341ca4e4830bee	62976	1785023	8320	32256	29840	0	101075	35136
84.74	23341ca4e4830bee	62976	1785214	8320	32304	29856	0	101077	35168
84.74	23341ca4e4830bee	62976	1785405	8320	32304	29856	0	101079	35168
84.74	23341ca4e4830bee	62976	1785596	8320	32304	29856	0	101081	35168
84.74	23341ca4e4830bee	62976	1785787	8320	32304	29856	0	101081	35152
84.74	23341ca4e4830bee	62976	1785978	8320	32288	29840	0	101073	35152
84.74	23341ca4e4830bee	62976	1786169	8320	32288	29840	0	101081	35152
84.74	23341ca4e4830bee	62976	1786361	8320	32288	29840	0	101079	35152
84.74	23341ca4e4830bee	62976	1786552	8320	32288	29840	0	101079	35168
84.74	23341ca4e4830bee	62976	1786743	8320	32288	29840	0	101079	35168
84.74	23341ca4e4830bee	62976	1786934	8320	32288	29840	0	101075	35168
84.74	23341ca4e4830bee	62976	1787126	8320	32288	29840	0	101081	35168
84.74	23341ca4e4830bee	62976	1787317	8320	32272	29840	0	101071	35184
84.74	23341ca4e4830bee	62976	1787508	8320	32272	29840	0	101075	35184
84.74	23341ca4e4830bee	62976	1787752	8320	32272	29840	0	101073	35184
84.74	23341ca4e4830bee	62976	1787943	8320	32272	29840	0	101077	35184
84.74	23341ca4e4830bee	62976	1788134	8320	32272	29840	0	101075	35200
84.74	23341ca4e4830bee	62976	1788325	8320	32272	29840	0	101077	35200
84.74	23341ca4e4830bee	62976	1788516	8320	32272	29840	0	101079	35200
84.74	23341ca4e4830bee	62976	1788707	8320	32272	29840	0	101083	35152
84.74	23341ca4e4830bee	62976	1788899	8320	32272	29840	0	101075	35152
84.74	23341ca4e4830bee	62976	1789090	8320	32272	29840	0	101067	35152
84.74	23341ca4e4830bee	62976	1789281	8320	32272	29840	0	101075	35152
84.74	23341ca4e4830bee	62960	1789472	8320	32256	29840	0	101073	35200
84.74	23341ca4e4830bee	62960	1789653	8320	32256	29840	0	101079	35200
84.74	23341ca4e4830bee	62960	1789844	8320	32256	29840	0	101079	35200
84.74	23341ca4e4830bee	62960	1790035	8320	32256	29840	0	101075	35200
84.74	23341ca4e4830bee	62960	1790226	8320	32304	29808	0	101079	35136
84.74	23341ca4e4830bee	62960	1790418	8320	32304	29808	0	101085	35136
84.74	23341ca4e4830bee	62960	1790609	8320	32304	29808	0	101077	35136
84.74	23341ca4e4830bee	62960	1790800	8320	32304	29808	0	101087	35136
84.74	23341ca4e4830bee	62976	1790991	8320	32240	29840	0	101067	35168
84.74	23341ca4e4830bee	62976	1791172	8320	32240	29840	0	101085	35168
84.74	23341ca4e4830bee	62976	1791364	8320	32240	29840	0	101081	35168
84.74	23341ca4e4830bee	62960	1791604	8320	32272	29840	0	101077	35184
84.74	23341ca4e4830bee	62960	1791795	8320	32272	29872	0	101077	35184
84.74	23341ca4e4830bee	62960	1791986	8320	32272	29872	0	101071	35184
84.74	23341ca4e4830bee	62960	1792177	8320	32272	29872	0	101085	35184
84.74	23341ca4e4830bee	62976	1792368	8320	32288	29808	0	101077	35168
84.74	23341ca4e4830bee	62976	1792559	8320	32288	29808	0	101079	35168
84.74	23341ca4e4830bee	62976	1792750	8320	32288	29808	0	101085	35168
84.74	23341ca4e4830bee	62976	1792941	8320	32288	29808	0	101079	35168
84.74	23341ca4e4830bee	62976	1793133	8320	32272	29840	0	101077	35200
84.74	23341ca4e4830bee	62976	1793324	8320	32272	29840	0	101081	35200
84.74	23341ca4e4830bee	62976	1793515	8320	32272	29840	0	101079	35200
84.74	23341ca4e4830bee	62976	1793706	8320	32272	29840	0	101075	35200
84.74	23341ca4e4830bee	62976	1793897	8320	32256	29840	0	101075	35168
84.74	23341ca4e4830bee	62976	1794088	8320	32256	29840	0	101071	35168
84.74	23341ca4e4830bee	62976	1794279	8320	32256	29840	0	101075	35168
84.74	23341ca4e4830bee	62960	1794471	8320	32256	29840	0	101075	35168
84.74	23341ca4e4830bee	62960	1794662	8320	32256	29856	0	101077	35168
84.74	23341ca4e4830bee	62960	1794843	8320	32256	29856	0	101081	35168
84.74	23341ca4e4830bee	62960	1795034	8320	32256	29856	0	101073	35168
84.74	23341ca4e4830bee	62960	1795226	8320	32256	29856	0	101081	35152
84.74	23341ca4e4830bee	62960	1795468	8320	32256	29808	0	101073	35152
84.74	23341ca4e4830bee	62960	1795659	8320	32256	29808	0	101085	35152
84.74	23341ca4e4830bee	62960	1795850	8320	32256	29808	0	101081	35152
84.74	23341ca4e4830bee	62960	1796041	8320	32240	29856	0	101073	35168
84.74	23341ca4e4830bee	62960	1796232	8320	32240	29856	0	101073	35168
84.74	23341ca4e4830bee	62960	1796413	8320	32240	29856	0	101087	35168
84.74	23341ca4e4830bee	62960	1796604	8320	32240	29856	0	101081	35168
84.74	23341ca4e4830bee	62976	1796795	8320	32240	29824	0	101087	35136
84.74	23341ca4e4830bee	62976	1796986	8320	32240	29824	0	101071	35136
84.74	23341ca4e4830bee	62976	1797177	8320	32240	29824	0	101077	35136
84.74	23341ca4e4830bee	62976	1797369	8320	32240	29824	0	101081	35184
84.74	23341ca4e4830bee	62976	1797560	8320	32240	29856	0	101075	35184
84.74	23341ca4e4830bee	62976	1797751	8320	32240	29856	0	101085	35184
84.74	23341ca4e4830bee	62976	1797942	8320	32240	29856	0	101085	35184
84.74	23341ca4e4830bee	62976	1798123	8320	32240	29808	0	101081	35152
84.74	23341ca4e4830bee	62976	1798314	8320	32240	29808	0	101079	35152
84.74	23341ca4e4830bee	62976	1798506	8320	32240	29808	0	101085	35152
84.74	23341ca4e4830bee	62976	1798697	8320	32240	29808	0	101087	35152
84.74	23341ca4e4830bee	62960	1798888	8320	32272	29840	0	101081	35136
84.74	23341ca4e4830bee	62960	1799079	8320	32272	29840	0	101073	35136
84.74	23341ca4e4830bee	62960	1799316	8320	32272	29840	0	101081	35136
84.74	23341ca4e4830bee	62960	1799507	8320	32272	29840	0	101081	35136
84.74	23341ca4e4830bee	62960	1799698	8320	32256	29856	0	101079	35168
84.74	23341ca4e4830bee	62960	1799889	8320	32256	29856	0	101081	35168
84.74	23341ca4e4830bee	62960	1800080	8320	32256	29856	0	101075	35168
84.74	23341ca4e4830bee	62960	1800271	8320	32256	29856	0	101083	35136
84.74	23341ca4e4830bee	62960	1800462	8320	32256	29840	0	101085	35136
84.74	23341ca4e4830bee	62960	1800653	8320	32256	29840	0	101073	35136
84.74	23341ca4e4830bee	62960	1800844	8320	32256	29840	0	101079	35136
84.74	23341ca4e4830bee	62976	1801035	8320	32272	29824	0	101073	35104
84.74	23341ca4e4830bee	62976	1801226	8320	32272	29824	0	101087	35104
84.74	23341ca4e4830bee	62976	1801418	8320	32272	29824	0	101073	35104
84.74	23341ca4e4830bee	62976	1801609	8320	32272	29824	0	101085	35104
84.74	23341ca4e4830bee	62976	1801800	8320	32272	29840	0	101081	35136
84.74	23341ca4e4830bee	62976	1801991	8320	32272	29840	0	101079	35136
84.74	23341ca4e4830bee	62976	1802182	8320	32272	29840	0	101073	35136
84.74	23341ca4e4830bee	62976	1802363	8320	32272	29840	0	101075	35136
84.74	23341ca4e4830bee	62976	1802555	8320	32256	29824	0	101085	35136
84.74	23341ca4e4830bee	62976	1802746	8320	32256	29824	0	101075	35136
84.74	23341ca4e4830bee	62976	1802937	8320	32256	29824	0	101083	35136
84.74	23341ca4e4830bee	62960	1803176	8320	32256	29824	0	101079	35120
84.74	23341ca4e4830bee	62960	1803367	8320	32256	29824	0	101073	35120
84.74	23341ca4e4830bee	62960	1803558	8320	32256	29824	0	101081	35120
84.74	23341ca4e4830bee	62960	1803749	8320	32256	29824	0	101075	35120
84.74	23341ca4e4830bee	62960	1803940	8320	32272	29856	0	101073	35184
84.74	23341ca4e4830bee	62960	1804131	8320	32272	29856	0	101083	35184
84.74	23341ca4e4830bee	62960	1804322	8320	32272	29856	0	101085	35184
84.74	23341ca4e4830bee	62960	1804513	8320	32272	29856	0	101079	35184
84.74	23341ca4e4830bee	62960	1804695	8320	32272	29792	0	101077	35120
84.74	23341ca4e4830bee	62960	1804886	8320	32272	29792	0	101077	35120
84.74	23341ca4e4830bee	62960	1805077	8320	32272	29792	0	101085	35120
84.74	23341ca4e4830bee	62960	1805268	8320	32272	29792	0	101081	35120
84.74	23341ca4e4830bee	62976	1805459	8320	32256	29808	0	101079	35200
84.74	23341ca4e4830bee	62976	1805651	8320	32256	29808	0	101081	35200
84.74	23341ca4e4830bee	62976	1805842	8320	32256	29808	0	101071	35200
84.74	23341ca4e4830bee	62976	1806033	8320	32256	29808	0	101083	35184
84.74	23341ca4e4830bee	62976	1806214	8320	32288	29856	0	101077	35184
84.74	23341ca4e4830bee	62976	1806405	8320	32288	29856	0	101077	35184
84.74	23341ca4e4830bee	62976	1806597	8320	32288	29856	0	101077	35184
84.74	23341ca4e4830bee	62976	1806788	8320	32288	29856	0	101089	35152
84.74	23341ca4e4830bee	62976	1807027	8320	32288	29856	0	101081	35152
84.74	23341ca4e4830bee	62976	1807218	8320	32288	29856	0	101083	35152
84.74	23341ca4e4830bee	62976	1807409	8320	32288	29856	0	101083	35152
84.74	23341ca4e4830bee	62976	1807600	8320	32272	29824	0	101077	35104
84.74	23341ca4e4830bee	62976	1807791	8320	32272	29824	0	101077	35104
84.74	23341ca4e4830bee	62976	1807982	8320	32272	29824	0	101071	35104
84.74	23341ca4e4830bee	62976	1808173	8320	32272	29824	0	101075	35104
84.74	23341ca4e4830bee	62976	1808354	8320	32272	29824	0	101083	35120
84.74	23341ca4e4830bee	62976	1808545	8320	32272	29824	0	101077	35120
84.74	23341ca4e4830bee	62976	1808736	8320	32272	29824	0	101077	35120
84.74	23341ca4e4830bee	62976	1808928	8320	32272	29824	0	101077	35120
84.74	23341ca4e4830bee	62976	1809119	8320	32256	29824	0	101081	35120
84.74	23341ca4e4830bee	62976	1809314	8320	32256	29824	0	101077	35120
84.74	23341ca4e4830bee	62976	1809505	8320	32256	29824	0	101077	35120
84.74	23341ca4e4830bee	62976	1809696	8448	32256	29824	0	101081	35152
84.92	23341ca4e4830bee	62976	1809888	8448	32256	29824	0	101083	35152
84.92	23341ca4e4830bee	62976	1810079	8448	32256	29824	0	101073	35152
84.92	23341ca4e4830bee	62976	1810270	8448	32256	29824	0	101077	35152
84.92	23341ca4e4830bee	62976	1810461	8320	32272	29856	0	101079	35216
84.92	23341ca4e4830bee	62976	1810652	8320	32272	29856	0	101083	35216
84.92	23341ca4e4830bee	62976	1810883	8320	32272	29856	0	101077	35216
84.92	23341ca4e4830bee	62976	1811074	8320	32272	29856	0	101083	35168
84.92	23341ca4e4830bee	62976	1811255	8320	32240	29824	0	101083	35168
84.92	23341ca4e4830bee	62976	1811446	8320	32240	29824	0	101077	35168
84.92	23341ca4e4830bee	62976	1811637	8320	32240	29824	0	101079	35168
84.74	23341ca4e4830bee	62976	1811828	8320	32240	29824	0	101077	35056
84.92	23341ca4e4830bee	62976	1812019	8320	32240	29824	0	101079	35056
84.92	23341ca4e4830bee	62976	1812211	8320	32240	29824	0	101091	35056
84.92	23341ca4e4830bee	62976	1812402	8320	32240	29824	0	101075	35056
84.92	23341ca4e4830bee	62976	1812593	8320	32240	29840	0	101075	35120
84.92	23341ca4e4830bee	62976	1812784	8320	32240	29840	0	101077	35120
84.92	23341ca4e4830bee	62976	1812965	8320	32240	29840	0	101085	35120
84.92	23341ca4e4830bee	62976	1813156	8320	32240	29840	0	101087	35120
84.74	23341ca4e4830bee	62976	1813351	8320	32240	29824	0	101071	35200
84.92	23341ca4e4830bee	62976	1813542	8320	32240	29824	0	101085	35200
84.92	23341ca4e4830bee	62976	1813734	8320	32240	29824	0	101081	35200
84.92	23341ca4e4830bee	62976	1813915	8320	32240	29824	0	101085	35200
84.92	23341ca4e4830bee	62976	1814106	8320	32256	29840	0	101081	35056
84.92	23341ca4e4830bee	62976	1814302	8320	32256	29840	0	101077	35056
84.92	23341ca4e4830bee	62976	1814493	8320	32256	29840	0	101077	35056
84.92	23341ca4e4830bee	62976	1814721	8320	32256	29840	0	101075	35104
84.92	23341ca4e4830bee	62976	1814912	8320	32256	29872	0	101079	35104
84.92	23341ca4e4830bee	62976	1815103	8320	32256	29872	0	101073	35104
84.92	23341ca4e4830bee	62976	1815295	8320	32256	29872	0	101087	35104
84.92	23341ca4e4830bee	62976	1815476	8320	32256	29808	0	101085	35168
84.92	23341ca4e4830bee	62976	1815667	8320	32256	29808	0	101085	35168
84.92	23341ca4e4830bee	62976	1815858	8320	32256	29808	0	101081	35168
84.92	23341ca4e4830bee	62976	1816049	8320	32256	29808	0	101079	35168
84.92	23341ca4e4830bee	62976	1816240	8320	32304	29824	0	101075	35168
84.92	23341ca4e4830bee	62976	1816431	8320	32304	29824	0	101079	35168
84.92	23341ca4e4830bee	62976	1816622	8320	32304	29824	0	101081	35168
84.92	23341ca4e4830bee	62976	1816813	8320	32304	29824	0	101083	35168
84.92	23341ca4e4830bee	62976	1817004	8320	32272	29840	0	101079	35088
84.92	23341ca4e4830bee	62976	1817186	8320	32272	29840	0	101085	35088
84.92	23341ca4e4830bee	62976	1817377	8320	32272	29840	0	101075	35088
84.92	23341ca4e4830bee	62976	1817569	8320	32272	29840	0	101081	35088
84.92	23341ca4e4830bee	62976	1817760	8320	32256	29824	0	101075	35088
84.92	23341ca4e4830bee	62976	1817951	8320	32256	29824	0	101081	35088
84.92	23341ca4e4830bee	62976	1818142	8320	32256	29824	0	101085	35088
84.92	23341ca4e4830bee	62976	1818334	8320	32256	29824	0	101073	35184
84.92	23341ca4e4830bee	62976	1818564	8320	32256	29824	0	101081	35184
84.92	23341ca4e4830bee	62976	1818755	8320	32256	29824	0	101087	35184
84.92	23341ca4e4830bee	62976	1818936	8320	32256	29824	0	101081	35184
84.92	23341ca4e4830bee	62976	1819128	8320	32240	29808	0	101069	35216
84.92	23341ca4e4830bee	62976	1819319	8320	32240	29808	0	101093	35216
84.92	23341ca4e4830bee	62976	1819510	8320	32240	29808	0	101079	35216
84.92	23341ca4e4830bee	62976	1819701	8320	32240	29808	0	101089	35216
84.92	23341ca4e4830bee	62976	1819892	8320	32224	29856	0	101081	35232
84.92	23341ca4e4830bee	62976	1820083	8320	32224	29856	0	101089	35232
84.92	23341ca4e4830bee	62976	1820274	8320	32224	29856	0	101087	35232
84.92	23341ca4e4830bee	62976	1820465	8320	32224	29856	0	101083	35120
84.92	23341ca4e4830bee	62976	1820656	8320	32272	29840	0	101075	35120
84.92	23341ca4e4830bee	62976	1820848	8320	32272	29840	0	101083	35120
84.92	23341ca4e4830bee	62976	1821039	8320	32272	29840	0	101083	35120
84.92	23341ca4e4830bee	62976	1821230	8320	32256	29840	0	101075	35200
84.92	23341ca4e4830bee	62976	1821421	8320	32256	29840	0	101079	35200
84.92	23341ca4e4830bee	62976	1821612	8320	32256	29840	0	101081	35200
84.92	23341ca4e4830bee	62976	1821803	8320	32256	29840	0	101075	35200
84.92	23341ca4e4830bee	62976	1821995	8320	32240	29856	0	101075	35168
84.92	23341ca4e4830bee	62976	1822176	8320	32240	29856	0	101067	35168
84.92	23341ca4e4830bee	62976	1822415	8320	32240	29856	0	101083	35168
84.92	23341ca4e4830bee	62976	1822596	8320	32240	29856	0	101083	35168
84.92	23341ca4e4830bee	62976	1822787	8320	32288	29856	0	101085	35152
84.92	23341ca4e4830bee	62976	1822978	8320	32288	29856	0	101081	35152
84.92	23341ca4e4830bee	62976	1823170	8320	32288	29856	0	101085	35152
84.92	23341ca4e4830bee	62976	1823361	8320	32288	29856	0	101083	35232
84.92	23341ca4e4830bee	62976	1823552	8320	32304	29808	0	101081	35232
84.92	23341ca4e4830bee	62976	1823743	8320	32304	29808	0	101087	35232
84.92	23341ca4e4830bee	62976	1823934	8320	32304	29808	0	101087	35232
84.92	23341ca4e4830bee	62976	1824125	8320	32272	29776	0	101075	35216
84.92	23341ca4e4830bee	62976	1824306	8320	32272	29776	0	101075	35216
84.92	23341ca4e4830bee	62976	1824497	8320	32272	29776	0	101077	35216
84.92	23341ca4e4830bee	62976	1824688	8320	32272	29776	0	101081	35216
84.92	23341ca4e4830bee	62976	1824880	8320	32288	29792	0	101075	35152
84.92	23341ca4e4830bee	62976	1825071	8320	32288	29792	0	101081	35152
84.92	23341ca4e4830bee	62976	1825262	8320	32288	29792	0	101087	35152
84.92	23341ca4e4830bee	62976	1825454	8320	32288	29792	0	101081	35152
84.92	23341ca4e4830bee	62976	1825645	8320	32272	29824	0	101077	35216
84.92	23341ca4e4830bee	62976	1825826	8320	32272	29824	0	101081	35216
84.92	23341ca4e4830bee	62976	1826017	8320	32272	29824	0	101081	35216
84.92	23341ca4e4830bee	62976	1826258	8320	32272	29824	0	101085	35088
84.92	23341ca4e4830bee	62976	1826449	8320	32256	29808	0	101081	35088
84.92	23341ca4e4830bee	62976	1826640	8320	32256	29808	0	101083	35088
84.92	23341ca4e4830bee	62976	1826832	8320	32256	29808	0	101075	35088
84.92	23341ca4e4830bee	62976	1827023	8320	32256	29824	0	101081	35120
84.92	23341ca4e4830bee	62976	1827214	8320	32256	29824	0	101081	35120
84.92	23341ca4e4830bee	62976	1827405	8320	32256	29824	0	101081	35120
84.92	23341ca4e4830bee	62976	1827596	8320	32256	29824	0	101075	35120
84.92	23341ca4e4830bee	62976	1827777	8320	32272	29840	0	101077	35200
84.92	23341ca4e4830bee	62976	1827968	8320	32272	29840	0	101075	35200
84.92	23341ca4e4830bee	62976	1828159	8320	32272	29840	0	101075	35200
84.92	23341ca4e4830bee	62976	1828350	8320	32272	29840	0	101075	35200
84.92	23341ca4e4830bee	62976	1828541	8320	32256	29824	0	101075	35088
84.92	23341ca4e4830bee	62976	1828733	8320	32256	29824	0	101077	35088
84.92	23341ca4e4830bee	62976	1828924	8320	32256	29824	0	101077	35088
84.92	23341ca4e4830bee	62976	1829115	8320	32256	29824	0	101077	35088
84.92	23341ca4e4830bee	62976	1829306	8320	32256	29824	0	101081	35104
84.92	23341ca4e4830bee	62976	1829497	8320	32256	29824	0	101091	35104
84.92	23341ca4e4830bee	62976	1829689	8320	32256	29824	0	101081	35104
84.92	23341ca4e4830bee	62976	1829880	8320	32256	29824	0	101075	35104
84.92	23341ca4e4830bee	62976	1830120	8320	32288	29856	0	101073	35104
84.92	23341ca4e4830bee	62976	1830311	8320	32288	29856	0	101075	35104
84.92	23341ca4e4830bee	62976	1830502	8320	32288	29856	0	101083	35104
84.92	23341ca4e4830bee	62976	1830694	8320	32288	29856	0	101075	35088
84.92	23341ca4e4830bee	62976	1830885	8320	32288	29856	0	101087	35088
84.92	23341ca4e4830bee	62976	1831076	8320	32288	29856	0	101083	35088
84.92	23341ca4e4830bee	62976	1831257	8320	32288	29856	0	101079	35088
84.92	23341ca4e4830bee	62976	1831448	8320	32240	29840	0	101083	35200
84.92	23341ca4e4830bee	62976	1831639	8320	32240	29840	0	101081	35200
84.92	23341ca4e4830bee	62976	1831831	8320	32240	29840	0	101083	35200
84.92	23341ca4e4830bee	62976	1832029	8320	32240	29840	0	101085	35024
84.92	23341ca4e4830bee	62976	1832220	8320	32256	29824	0	101075	35024
84.92	23341ca4e4830bee	62976	1832411	8320	32256	29824	0	101083	35024
84.92	23341ca4e4830bee	62976	1832603	8320	32256	29824	0	101089	35024
84.92	23341ca4e4830bee	62976	1832794	8320	32288	29840	0	101075	35264
84.92	23341ca4e4830bee	62976	1832985	8320	32288	29840	0	101073	35264
84.92	23341ca4e4830bee	62976	1833176	8320	32288	29840	0	101075	35264
84.92	23341ca4e4830bee	62976	1833357	8320	32288	29840	0	101077	35264
84.92	23341ca4e4830bee	62976	1833549	8320	32256	29840	0	101069	35072
84.92	23341ca4e4830bee	62976	1833740	8320	32256	29840	0	101077	35072
84.92	23341ca4e4830bee	62976	1833978	8320	32256	29840	0	101089	35072
84.92	23341ca4e4830bee	62976	1834169	8320	32256	29840	0	101077	35072
84.92	23341ca4e4830bee	62976	1834360	8320	32272	29808	0	101083	35184
84.92	23341ca4e4830bee	62976	1834551	8320	32272	29808	0	101077	35184
84.92	23341ca4e4830bee	62976	1834742	8320	32272	29808	0	101079	35184
84.92	23341ca4e4830bee	62976	1834933	8320	32272	29808	0	101083	35152
84.92	23341ca4e4830bee	62976	1835124	8320	32288	29856	0	101085	35152
84.92	23341ca4e4830bee	62976	1835315	8320	32288	29856	0	101085	35152
84.92	23341ca4e4830bee	62976	1835507	8320	32288	29856	0	101083	35152
84.92	23341ca4e4830bee	62976	1835688	8320	32256	29840	0	101087	35168
84.92	23341ca4e4830bee	62976	1835879	8320	32256	29840	0	101083	35168
84.92	23341ca4e4830bee	62976	1836070	8320	32256	29840	0	101075	35168
84.92	23341ca4e4830bee	62976	1836261	8320	32256	29840	0	101077	35168
84.92	23341ca4e4830bee	62976	1836453	8320	32272	29824	0	101075	35184
84.92	23341ca4e4830bee	62976	1836644	8320	32272	29824	0	101083	35184
84.92	23341ca4e4830bee	62976	1836835	8320	32272	29824	0	101073	35184
84.92	23341ca4e4830bee	62976	1837026	8320	32272	29824	0	101077	35184
84.92	23341ca4e4830bee	62976	1837207	8320	32240	29856	0	101075	35152
84.92	23341ca4e4830bee	62976	1837399	8320	32240	29856	0	101075	35152
84.92	23341ca4e4830bee	62976	1837590	8320	32240	29856	0	101073	35152
84.92	23341ca4e4830bee	62976	1837833	8448	32240	29856	0	101075	35200
84.92	23341ca4e4830bee	62976	1838024	8448	32240	29808	0	101075	35200
84.92	23341ca4e4830bee	62976	1838215	8448	32240	29808	0	101075	35200
84.92	23341ca4e4830bee	62976	1838406	8448	32240	29808	0	101077	35200
84.92	23341ca4e4830bee	62976	1838597	8320	32272	29856	0	101083	35152
84.92	23341ca4e4830bee	62976	1838778	8320	32272	29856	0	101075	35152
84.92	23341ca4e4830bee	62976	1838969	8320	32272	29856	0	101079	35152
84.92	23341ca4e4830bee	62976	1839160	8320	32272	29856	0	101085	35152
84.92	23341ca4e4830bee	62976	1839351	8320	32288	29856	0	101079	35152
84.92	23341ca4e4830bee	62976	1839543	8320	32288	29856	0	101083	35152
84.92	23341ca4e4830bee	62976	1839734	8320	32288	29856	0	101077	35152
84.92	23341ca4e4830bee	62976	1839925	8320	32288	29856	0	101077	35152
84.92	23341ca4e4830bee	62976	1840116	8320	32256	29824	0	101075	35184
84.92	23341ca4e4830bee	62976	1840318	8320	32256	29824	0	101079	35184
84.92	23341ca4e4830bee	62976	1840509	8320	32256	29824	0	101075	35184
84.92	23341ca4e4830bee	62976	1840700	8320	32256	29824	0	101073	35200
84.92	23341ca4e4830bee	62976	1840892	8320	32224	29792	0	101077	35200
84.92	23341ca4e4830bee	62976	1841083	8320	32224	29792	0	101079	35200
84.92	23341ca4e4830bee	62976	1841274	8320	32224	29792	0	101077	35200
84.92	23341ca4e4830bee	62976	1841465	8320	32256	29808	0	101085	35120
84.92	23341ca4e4830bee	62976	1841694	8320	32256	29808	0	101079	35120
84.92	23341ca4e4830bee	62976	1841885	8320	32256	29808	0	101079	35120
84.92	23341ca4e4830bee	62976	1842076	8320	32256	29808	0	101073	35120
84.92	23341ca4e4830bee	62976	1842267	8320	32256	29824	0	101075	35216
84.92	23341ca4e4830bee	62976	1842448	8320	32256	29824	0	101077	35216
84.92	23341ca4e4830bee	62976	1842639	8320	32256	29824	0	101079	35216
84.92	23341ca4e4830bee	62976	1842830	8320	32256	29824	0	101073	35216
84.92	23341ca4e4830bee	62976	1843021	8320	32272	29792	0	101071	35200
84.92	23341ca4e4830bee	62976	1843213	8320	32272	29792	0	101081	35200
84.92	23341ca4e4830bee	62976	1843404	8320	32272	29792	0	101073	35200
84.92	23341ca4e4830bee	62976	1843595	8320	32272	29792	0	101067	35200
84.92	23341ca4e4830bee	62976	1843786	8320	32288	29808	0	101077	35200
84.92	23341ca4e4830bee	62976	1843977	8320	32288	29808	0	101071	35200
84.92	23341ca4e4830bee	62976	1844158	8320	32288	29808	0	101073	35200
84.92	23341ca4e4830bee	62976	1844360	8320	32240	29808	0	101073	35104
84.92	23341ca4e4830bee	62976	1844551	8320	32240	29808	0	101077	35104
84.92	23341ca4e4830bee	62976	1844742	8320	32240	29808	0	101073	35104
84.92	23341ca4e4830bee	62976	1844933	8320	32240	29808	0	101073	35104
84.92	23341ca4e4830bee	62976	1845125	8320	32288	29856	0	101073	35120
84.92	23341ca4e4830bee	62976	1845320	8320	32288	29856	0	101079	35120
84.92	23341ca4e4830bee	62976	1845560	8320	32288	29856	0	101083	35120
84.92	23341ca4e4830bee	62976	1845751	8320	32288	29856	0	101075	35056
84.92	23341ca4e4830bee	62976	1845942	8320	32256	29840	0	101079	35056
84.92	23341ca4e4830bee	62976	1846133	8320	32256	29840	0	101089	35056
84.92	23341ca4e4830bee	62976	1846324	8320	32256	29840	0	101083	35056
84.92	23341ca4e4830bee	62976	1846515	8320	32272	29840	0	101077	35120
84.92	23341ca4e4830bee	62976	1846706	8320	32272	29824	0	101075	35120
84.92	23341ca4e4830bee	62976	1846897	8320	32272	29824	0	101081	35120
84.92	23341ca4e4830bee	62976	1847079	8320	32272	29824	0	101079	35120
84.92	23341ca4e4830bee	62976	1847270	8320	32272	29840	0	101075	35120
84.92	23341ca4e4830bee	62976	1847461	8320	32272	29840	0	101073	35120
84.92	23341ca4e4830bee	62976	1847652	8320	32272	29840	0	101087	35120
84.92	23341ca4e4830bee	62976	1847843	8320	32272	29840	0	101083	35120
84.92	23341ca4e4830bee	62976	1848034	8320	32256	29856	0	101089	35232
84.92	23341ca4e4830bee	62976	1848225	8320	32256	29856	0	101079	35232
84.92	23341ca4e4830bee	62976	1848417	8320	32256	29856	0	101077	35232
84.92	23341ca4e4830bee	62976	1848608	8320	32256	29856	0	101085	35232
84.92	23341ca4e4830bee	62976	1848789	8320	32256	29808	0	101077	35216
84.92	23341ca4e4830bee	62976	1848980	8320	32256	29808	0	101083	35216
84.92	23341ca4e4830bee	62976	1849171	8320	32256	29808	0	101089	35216
84.92	23341ca4e4830bee	62976	1849424	8320	32240	29840	0	101083	35168
84.92	23341ca4e4830bee	62976	1849615	8320	32240	29840	0	101081	35168
84.92	23341ca4e4830bee	62976	1849806	8320	32240	29840	0	101077	35168
84.92	23341ca4e4830bee	62976	1849997	8320	32240	29840	0	101087	35168
84.92	23341ca4e4830bee	62976	1850188	8320	32288	29872	0	101077	35216
84.92	23341ca4e4830bee	62976	1850369	8320	32288	29872	0	101081	35216
84.92	23341ca4e4830bee	62976	1850560	8320	32288	29872	0	101081	35216
84.92	23341ca4e4830bee	62976	1850751	8320	32288	29872	0	101083	35216
84.92	23341ca4e4830bee	62976	1850942	8320	32272	29856	0	101083	35200
84.92	23341ca4e4830bee	62976	1851134	8320	32272	29856	0	101083	35200
84.92	23341ca4e4830bee	62976	1851325	8320	32272	29856	0	101077	35200
84.92	23341ca4e4830bee	62976	1851516	8320	32272	29856	0	101083	35200
84.92	23341ca4e4830bee	62976	1851707	8320	32256	29840	0	101069	35120
84.92	23341ca4e4830bee	62976	1851898	8320	32256	29840	0	101079	35120
84.92	23341ca4e4830bee	62976	1852080	8320	32256	29840	0	101075	35120
84.92	23341ca4e4830bee	62976	1852271	8320	32256	29840	0	101075	35056
84.92	23341ca4e4830bee	62976	1852462	8320	32272	29824	0	101071	35056
84.92	23341ca4e4830bee	62976	1852653	8320	32272	29824	0	101087	35056
84.92	23341ca4e4830bee	62976	1852844	8320	32272	29824	0	101075	35056
84.92	23341ca4e4830bee	62976	1853036	8320	32256	29888	0	101085	35248
84.92	23341ca4e4830bee	62976	1853267	8320	32256	29888	0	101083	35248
84.92	23341ca4e4830bee	62976	1853458	8320	32256	29888	0	101083	35248
84.92	23341ca4e4830bee	62976	1853640	8320	32256	29888	0	101089	35248
84.92	23341ca4e4830bee	62976	1853831	8320	32272	29840	0	101079	35168
84.92	23341ca4e4830bee	62976	1854022	8320	32272	29840	0	101079	35168
84.92	23341ca4e4830bee	62976	1854213	8320	32272	29840	0	101073	35168
84.92	23341ca4e4830bee	62976	1854404	8320	32272	29840	0	101087	35168
84.92	23341ca4e4830bee	62976	1854595	8320	32256	29808	0	101081	35216
84.92	23341ca4e4830bee	62976	1854786	8320	32256	29808	0	101075	35216
84.92	23341ca4e4830bee	62976	1854977	8320	32256	29808	0	101083	35216
84.92	23341ca4e4830bee	62976	1855169	8320	32256	29808	0	101089	35248
84.92	23341ca4e4830bee	62976	1855350	8320	32272	29792	0	101081	35248
84.92	23341ca4e4830bee	62976	1855541	8320	32272	29792	0	101083	35248
84.92	23341ca4e4830bee	62976	1855732	8320	32272	29792	0	101079	35248
84.92	23341ca4e4830bee	62976	1855923	8448	32272	29856	0	101085	35248
84.92	23341ca4e4830bee	62976	1856114	8448	32272	29856	0	101081	35248
84.92	23341ca4e4830bee	62976	1856306	8448	32272	29856	0	101079	35248
84.92	23341ca4e4830bee	62976	1856497	8448	32272	29856	0	101081	35248
84.92	23341ca4e4830bee	62976	1856688	8320	32272	29792	0	101081	35088
84.92	23341ca4e4830bee	62976	1856879	8320	32272	29792	0	101085	35088
84.92	23341ca4e4830bee	62976	1857121	8320	32272	29792	0	101079	35088
84.92	23341ca4e4830bee	62976	1857312	8320	32272	29792	0	101081	35200
84.92	23341ca4e4830bee	62976	1857503	8320	32272	29808	0	101073	35200
84.92	23341ca4e4830bee	62976	1857694	8320	32272	29808	0	101081	35200
84.92	23341ca4e4830bee	62976	1857886	8320	32272	29808	0	101079	35200
84.92	23341ca4e4830bee	62976	1858077	8320	32256	29808	0	101075	35088
84.92	23341ca4e4830bee	62976	1858268	8320	32256	29856	0	101079	35088
85.1	23341ca4e4830bee	62976	1858459	8320	32256	29856	0	101077	35088
84.92	23341ca4e4830bee	62976	1858640	8320	32256	29856	0	101075	35088
85.1	23341ca4e4830bee	62976	1858832	8320	32272	29808	0	101083	35200
84.92	23341ca4e4830bee	62976	1859023	8320	32272	29808	0	101073	35200
84.92	23341ca4e4830bee	62976	1859214	8320	32272	29808	0	101081	35200
84.92	23341ca4e4830bee	62976	1859405	8320	32272	29808	0	101073	35200
84.92	23341ca4e4830bee	62976	1859596	8320	32256	29856	0	101075	35136
84.92	23341ca4e4830bee	62976	1859787	8320	32256	29856	0	101081	35136
84.92	23341ca4e4830bee	62976	1859978	8320	32256	29856	0	101083	35136
84.92	23341ca4e4830bee	62976	1860160	8320	32256	29856	0	101079	35136
84.92	23341ca4e4830bee	62976	1860371	8320	32272	29824	0	101079	35120
84.92	23341ca4e4830bee	62976	1860562	8320	32272	29824	0	101075	35120
84.92	23341ca4e4830bee	62976	1860753	8320	32272	29824	0	101069	35120
84.92	23341ca4e4830bee	62976	1860994	8320	32272	29824	0	101079	35120
84.92	23341ca4e4830bee	62976	1861185	8320	32272	29824	0	101079	35120
84.92	23341ca4e4830bee	62976	1861376	8320	32272	29824	0	101075	35120
84.92	23341ca4e4830bee	62976	1861567	8320	32272	29824	0	101073	35120
84.92	23341ca4e4830bee	62976	1861758	8320	32256	29856	0	101081	35136
84.92	23341ca4e4830bee	62976	1861949	8320	32256	29856	0	101083	35136
84.92	23341ca4e4830bee	62976	1862147	8320	32256	29856	0	101081	35136
84.92	23341ca4e4830bee	62976	1862345	8320	32256	29856	0	101085	35136
84.92	23341ca4e4830bee	62976	1862536	8320	32240	29840	0	101081	35248
84.92	23341ca4e4830bee	62976	1862727	8320	32240	29840	0	101081	35248
84.92	23341ca4e4830bee	62976	1862918	8320	32240	29840	0	101083	35248
84.92	23341ca4e4830bee	62976	1863109	8320	32240	29840	0	101079	35072
84.92	23341ca4e4830bee	62976	1863291	8320	32272	29840	0	101079	35072
84.92	23341ca4e4830bee	62976	1863482	8320	32272	29840	0	101075	35072
84.92	23341ca4e4830bee	62976	1863673	8320	32272	29840	0	101067	35072
84.92	23341ca4e4830bee	62976	1863864	8320	32256	29824	0	101083	35248
84.92	23341ca4e4830bee	62976	1864055	8320	32256	29824	0	101075	35248
84.92	23341ca4e4830bee	62976	1864247	8320	32256	29824	0	101075	35248
84.92	23341ca4e4830bee	62976	1864444	8320	32256	29824	0	101081	35248
84.92	23341ca4e4830bee	62976	1864636	8320	32272	29824	0	101083	35232
84.92	23341ca4e4830bee	62976	1864863	8320	32272	29824	0	101083	35232
84.92	23341ca4e4830bee	62976	1865054	8320	32272	29824	0	101077	35232
84.92	23341ca4e4830bee	62976	1865246	8320	32272	29824	0	101077	35232
84.92	23341ca4e4830bee	62976	1865437	8320	32288	29808	0	101081	35088
84.92	23341ca4e4830bee	62976	1865628	8320	32288	29808	0	101087	35088
84.92	23341ca4e4830bee	62976	1865819	8320	32288	29808	0	101083	35088
84.92	23341ca4e4830bee	62976	1866010	8320	32288	29808	0	101067	35152
84.92	23341ca4e4830bee	62976	1866191	8320	32272	29840	0	101083	35152
84.92	23341ca4e4830bee	62976	1866384	8320	32272	29840	0	101077	35152
84.92	23341ca4e4830bee	62976	1866575	8320	32272	29840	0	101075	35152
84.92	23341ca4e4830bee	62976	1866766	8320	32256	29824	0	101083	35168
84.92	23341ca4e4830bee	62976	1866958	8320	32256	29824	0	101079	35168
84.92	23341ca4e4830bee	62976	1867149	8320	32256	29824	0	101083	35168
84.92	23341ca4e4830bee	62976	1867340	8320	32256	29824	0	101081	35168
84.92	23341ca4e4830bee	62976	1867521	8320	32288	29824	0	101075	35072
84.92	23341ca4e4830bee	62976	1867712	8320	32288	29824	0	101077	35072
84.92	23341ca4e4830bee	62976	1867903	8320	32288	29824	0	101073	35072
84.92	23341ca4e4830bee	62976	1868094	8320	32288	29824	0	101083	35072
84.92	23341ca4e4830bee	62976	1868285	8320	32256	29872	0	101077	35120
84.92	23341ca4e4830bee	62976	1868476	8320	32256	29872	0	101087	35120
84.92	23341ca4e4830bee	62976	1868722	8320	32256	29872	0	101087	35120
84.92	23341ca4e4830bee	62976	1868913	8320	32304	29872	0	101087	35232
84.92	23341ca4e4830bee	62976	1869104	8320	32304	29840	0	101077	35232
84.92	23341ca4e4830bee	62976	1869295	8320	32304	29840	0	101077	35232
84.92	23341ca4e4830bee	62976	1869486	8320	32304	29840	0	101077	35232
84.92	23341ca4e4830bee	62976	1869677	8320	32256	29872	0	101077	35104
84.92	23341ca4e4830bee	62976	1869868	8320	32256	29872	0	101077	35104
84.92	23341ca4e4830bee	62976	1870060	8320	32256	29872	0	101079	35104
84.92	23341ca4e4830bee	62976	1870251	8320	32256	29872	0	101083	35104
84.92	23341ca4e4830bee	62976	1870432	8320	32272	29808	0	101087	35184
84.92	23341ca4e4830bee	62976	1870623	8320	32272	29808	0	101083	35184
84.92	23341ca4e4830bee	62976	1870814	8320	32272	29808	0	101081	35184
84.92	23341ca4e4830bee	62976	1871005	8320	32272	29808	0	101075	35184
84.92	23341ca4e4830bee	62976	1871196	8320	32256	29824	0	101081	35184
84.92	23341ca4e4830bee	62976	1871388	8320	32256	29824	0	101071	35184
84.92	23341ca4e4830bee	62976	1871579	8320	32256	29824	0	101087	35184
84.92	23341ca4e4830bee	62976	1871770	8320	32256	29824	0	101083	35120
84.92	23341ca4e4830bee	62976	1871952	8320	32304	29856	0	101083	35120
84.92	23341ca4e4830bee	62976	1872143	8320	32304	29856	0	101075	35120
84.92	23341ca4e4830bee	62976	1872334	8320	32304	29856	0	101073	35120
84.92	23341ca4e4830bee	62976	1872578	8320	32256	29792	0	101075	35136
84.92	23341ca4e4830bee	62976	1872769	8320	32256	29792	0	101083	35136
84.92	23341ca4e4830bee	62976	1872960	8320	32256	29792	0	101075	35136
84.92	23341ca4e4830bee	62976	1873151	8320	32256	29792	0	101077	35136
84.92	23341ca4e4830bee	62976	1873343	8320	32256	29808	0	101087	35104
84.92	23341ca4e4830bee	62976	1873534	8320	32256	29808	0	101071	35104
84.92	23341ca4e4830bee	62976	1873725	8320	32256	29808	0	101087	35104
84.92	23341ca4e4830bee	62976	1873916	8320	32256	29808	0	101081	35104
84.92	23341ca4e4830bee	62976	1874107	8320	32288	29824	0	101083	35232
84.92	23341ca4e4830bee	62976	1874298	8320	32288	29824	0	101075	35232
84.92	23341ca4e4830bee	62976	1874489	8320	32288	29824	0	101075	35232
84.92	23341ca4e4830bee	62976	1874680	8320	32288	29824	0	101093	35104
84.92	23341ca4e4830bee	62976	1874871	8320	32240	29840	0	101081	35104
84.92	23341ca4e4830bee	62976	1875063	8320	32240	29840	0	101077	35104
84.92	23341ca4e4830bee	62976	1875254	8320	32240	29840	0	101089	35104
84.92	23341ca4e4830bee	62976	1875445	8320	32272	29808	0	101083	35136
84.92	23341ca4e4830bee	62976	1875636	8320	32272	29808	0	101079	35136
84.92	23341ca4e4830bee	62976	1875828	8320	32272	29808	0	101095	35136
84.92	23341ca4e4830bee	62976	1876019	8320	32272	29808	0	101081	35136
84.92	23341ca4e4830bee	62976	1876210	8320	32304	29824	0	101079	35248
84.92	23341ca4e4830bee	62976	1876428	8320	32304	29824	0	101077	35248
84.92	23341ca4e4830bee	62976	1876619	8320	32304	29824	0	101077	35248
84.92	23341ca4e4830bee	62976	1876811	8320	32304	29824	0	101083	35248
84.92	23341ca4e4830bee	62976	1877002	8320	32272	29824	0	101077	35200
84.92	23341ca4e4830bee	62976	1877193	8320	32272	29824	0	101069	35200
84.92	23341ca4e4830bee	62976	1877385	8320	32272	29824	0	101079	35200
84.92	23341ca4e4830bee	62976	1877576	8320	32240	29824	0	101079	35120
84.92	23341ca4e4830bee	62976	1877767	8320	32240	29872	0	101077	35120
84.92	23341ca4e4830bee	62976	1877958	8320	32240	29872	0	101081	35120
84.92	23341ca4e4830bee	62976	1878149	8320	32240	29872	0	101093	35120
84.92	23341ca4e4830bee	62976	1878340	8320	32272	29824	0	101083	35120
84.92	23341ca4e4830bee	62976	1878532	8320	32272	29824	0	101079	35120
84.92	23341ca4e4830bee	62976	1878713	8320	32272	29824	0	101075	35120
84.92	23341ca4e4830bee	62976	1878904	8320	32272	29824	0	101081	35120
84.92	23341ca4e4830bee	62976	1879095	8320	32272	29840	0	101079	35104
84.92	23341ca4e4830bee	62976	1879286	8320	32272	29840	0	101087	35104
84.92	23341ca4e4830bee	62976	1879477	8320	32272	29840	0	101093	35104
84.92	23341ca4e4830bee	62976	1879669	8320	32272	29840	0	101079	35104
84.92	23341ca4e4830bee	62976	1879860	8448	32240	29824	0	101079	35152
84.92	23341ca4e4830bee	62976	1880051	8448	32240	29824	0	101081	35152
84.92	23341ca4e4830bee	62976	1880280	8448	32240	29824	0	101079	35152
84.92	23341ca4e4830bee	62976	1880472	8320	32240	29824	0	101083	35232
84.92	23341ca4e4830bee	62976	1880653	8320	32240	29808	0	101077	35232
84.92	23341ca4e4830bee	62976	1880844	8320	32240	29808	0	101077	35232
84.92	23341ca4e4830bee	62976	1881035	8320	32240	29808	0	101087	35232
84.92	23341ca4e4830bee	62976	1881226	8320	32272	29872	0	101093	35216
84.92	23341ca4e4830bee	62976	1881417	8320	32272	29872	0	101081	35216
84.92	23341ca4e4830bee	62976	1881608	8320	32272	29872	0	101083	35216
84.92	23341ca4e4830bee	62976	1881799	8320	32272	29872	0	101083	35216
84.92	23341ca4e4830bee	62976	1881990	8320	32272	29840	0	101083	35168
84.92	23341ca4e4830bee	62976	1882181	8320	32272	29840	0	101077	35168
84.92	23341ca4e4830bee	62976	1882362	8320	32272	29840	0	101083	35168
84.92	23341ca4e4830bee	62976	1882554	8320	32272	29840	0	101077	35168
84.92	23341ca4e4830bee	62976	1882745	8320	32288	29824	0	101077	35136
84.92	23341ca4e4830bee	62976	1882936	8320	32288	29824	0	101071	35136
84.92	23341ca4e4830bee	62976	1883127	8320	32288	29824	0	101077	35136
84.92	23341ca4e4830bee	62976	1883329	8320	32288	29824	0	101077	35104
84.92	23341ca4e4830bee	62976	1883520	8320	32288	29856	0	101073	35104
84.92	23341ca4e4830bee	62976	1883712	8320	32288	29856	0	101073	35104
84.92	23341ca4e4830bee	62976	1883893	8320	32288	29856	0	101077	35104