Digit_temp	id	light	timestamp	acc_z	acc_y	acc_x	motion	pressure	humid
84.56	23341ca4e4830bee	62944	1440071	8320	32288	29808	0	101089	35216
84.56	23341ca4e4830bee	62944	1440265	8320	32288	29808	0	101085	35216
84.56	23341ca4e4830bee	62944	1440446	8320	32288	29808	0	101089	35216
84.56	23341ca4e4830bee	62944	1440637	8320	32288	29808	0	101089	35216
84.56	23341ca4e4830bee	62944	1440828	8320	32256	29840	0	101087	35200
84.56	23341ca4e4830bee	62944	1441019	8320	32256	29840	0	101079	35200
84.56	23341ca4e4830bee	62944	1441222	8320	32256	29840	0	101077	35200
84.56	23341ca4e4830bee	62944	1441420	8320	32256	29840	0	101085	35200
84.56	23341ca4e4830bee	62944	1441611	8320	32304	29808	0	101081	35184
84.56	23341ca4e4830bee	62944	1441802	8320	32304	29808	0	101081	35184
84.56	23341ca4e4830bee	62944	1441993	8320	32304	29808	0	101079	35184
84.56	23341ca4e4830bee	62944	1442184	8320	32304	29808	0	101079	35200
84.56	23341ca4e4830bee	62944	1442375	8320	32256	29808	0	101085	35200
84.56	23341ca4e4830bee	62944	1442556	8320	32256	29808	0	101083	35200
84.56	23341ca4e4830bee	62944	1442748	8320	32256	29808	0	101079	35200
84.56	23341ca4e4830bee	62944	1442939	8192	32288	29792	0	101079	35184
84.56	23341ca4e4830bee	62944	1443130	8192	32288	29792	0	101079	35184
84.56	23341ca4e4830bee	62944	1443321	8192	32288	29792	0	101079	35184
84.56	23341ca4e4830bee	62944	1443512	8192	32288	29792	0	101083	35184
84.56	23341ca4e4830bee	62944	1443703	8192	32288	29808	0	101083	35248
84.56	23341ca4e4830bee	62944	1443960	8192	32288	29808	0	101077	35248
84.56	23341ca4e4830bee	62944	1444151	8192	32288	29808	0	101083	35248
84.56	23341ca4e4830bee	62944	1444348	8320	32288	29808	0	101089	35200
84.56	23341ca4e4830bee	62944	1444539	8320	32272	29808	0	101071	35200
84.56	23341ca4e4830bee	62944	1444730	8320	32272	29808	0	101083	35200
84.56	23341ca4e4830bee	62944	1444921	8320	32272	29808	0	101083	35200
84.56	23341ca4e4830bee	62944	1445113	8320	32272	29792	0	101081	35184
84.56	23341ca4e4830bee	62944	1445304	8320	32272	29792	0	101087	35184
84.56	23341ca4e4830bee	62944	1445495	8320	32272	29792	0	101089	35184
84.56	23341ca4e4830bee	62944	1445686	8320	32272	29792	0	101081	35184
84.56	23341ca4e4830bee	62944	1445867	8192	32240	29840	0	101081	35200
84.56	23341ca4e4830bee	62944	1446058	8192	32240	29840	0	101087	35200
84.56	23341ca4e4830bee	62944	1446249	8192	32240	29840	0	101083	35200
84.56	23341ca4e4830bee	62944	1446440	8192	32240	29840	0	101077	35200
84.56	23341ca4e4830bee	62944	1446632	8192	32272	29776	0	101071	35104
84.56	23341ca4e4830bee	62944	1446823	8192	32272	29776	0	101081	35104
84.56	23341ca4e4830bee	62944	1447014	8192	32272	29776	0	101081	35104
84.56	23341ca4e4830bee	62944	1447205	8192	32272	29776	0	101085	35104
84.56	23341ca4e4830bee	62944	1447396	8192	32272	29840	0	101083	35184
84.56	23341ca4e4830bee	62944	1447577	8192	32272	29840	0	101081	35184
84.56	23341ca4e4830bee	62944	1447818	8192	32272	29840	0	101081	35184
84.56	23341ca4e4830bee	62944	1448009	8320	32256	29792	0	101081	35136
84.56	23341ca4e4830bee	62944	1448200	8320	32256	29792	0	101091	35136
84.56	23341ca4e4830bee	62944	1448391	8320	32256	29792	0	101081	35136
84.56	23341ca4e4830bee	62944	1448582	8320	32256	29792	0	101081	35136
84.56	23341ca4e4830bee	62944	1448774	8320	32272	29792	0	101081	35248
84.56	23341ca4e4830bee	62944	1448965	8320	32272	29792	0	101081	35248
84.56	23341ca4e4830bee	62944	1449156	8320	32272	29792	0	101081	35248
84.56	23341ca4e4830bee	62944	1449337	8320	32272	29792	0	101081	35248
84.56	23341ca4e4830bee	62944	1449528	8192	32288	29808	0	101081	35088
84.56	23341ca4e4830bee	62944	1449719	8192	32288	29808	0	101081	35088
84.56	23341ca4e4830bee	62944	1449910	8192	32288	29808	0	101087	35088
84.56	23341ca4e4830bee	62944	1450101	8192	32288	29808	0	101087	35184
84.56	23341ca4e4830bee	62944	1450293	8192	32272	29824	0	101077	35184
84.56	23341ca4e4830bee	62944	1450484	8192	32272	29824	0	101081	35184
84.56	23341ca4e4830bee	62944	1450675	8192	32272	29824	0	101075	35184
84.56	23341ca4e4830bee	62944	1450866	8192	32288	29824	0	101091	35072
84.56	23341ca4e4830bee	62944	1451047	8192	32288	29808	0	101081	35072
84.56	23341ca4e4830bee	62944	1451238	8192	32288	29808	0	101081	35072
84.56	23341ca4e4830bee	62944	1451429	8192	32288	29808	0	101081	35072
84.56	23341ca4e4830bee	62944	1451674	8320	32272	29808	0	101075	35216
84.56	23341ca4e4830bee	62944	1451865	8320	32272	29808	0	101087	35216
84.56	23341ca4e4830bee	62944	1452056	8320	32272	29808	0	101081	35216
84.74	23341ca4e4830bee	62944	1452247	8320	32272	29808	0	101099	35216
84.56	23341ca4e4830bee	62944	1452446	8320	32256	29824	0	101075	35280
84.56	23341ca4e4830bee	62944	1452627	8320	32256	29824	0	101079	35280
84.56	23341ca4e4830bee	62944	1452819	8320	32256	29824	0	101079	35280
84.56	23341ca4e4830bee	62944	1453010	8192	32256	29824	0	101079	35152
84.56	23341ca4e4830bee	62944	1453201	8192	32272	29808	0	101081	35152
84.56	23341ca4e4830bee	62944	1453392	8192	32272	29808	0	101081	35152
84.56	23341ca4e4830bee	62944	1453583	8192	32272	29808	0	101091	35152
84.56	23341ca4e4830bee	62944	1453774	8192	32240	29840	0	101075	35088
84.74	23341ca4e4830bee	62944	1453965	8192	32240	29840	0	101091	35088
84.56	23341ca4e4830bee	62944	1454156	8192	32240	29840	0	101079	35088
84.56	23341ca4e4830bee	62944	1454338	8192	32240	29840	0	101085	35088
84.56	23341ca4e4830bee	62944	1454529	8192	32288	29840	0	101081	35216
84.56	23341ca4e4830bee	62944	1454720	8192	32288	29840	0	101079	35216
84.56	23341ca4e4830bee	62944	1454911	8192	32288	29840	0	101087	35216
84.56	23341ca4e4830bee	62944	1455102	8192	32288	29840	0	101075	35216
84.56	23341ca4e4830bee	62944	1455313	8192	32256	29808	0	101081	35184
84.56	23341ca4e4830bee	62944	1455557	8192	32256	29808	0	101085	35184
84.56	23341ca4e4830bee	62944	1455748	8192	32256	29808	0	101085	35184
84.56	23341ca4e4830bee	62944	1455939	8192	32240	29776	0	101069	35040
84.56	23341ca4e4830bee	62944	1456130	8192	32240	29776	0	101075	35040
84.56	23341ca4e4830bee	62944	1456321	8192	32240	29776	0	101081	35040
84.56	23341ca4e4830bee	62944	1456512	8192	32240	29776	0	101081	35040
84.74	23341ca4e4830bee	62944	1456703	8320	32272	29824	0	101085	35216
84.56	23341ca4e4830bee	62944	1456894	8320	32272	29824	0	101085	35216
84.56	23341ca4e4830bee	62944	1457086	8320	32272	29824	0	101075	35216
84.56	23341ca4e4830bee	62944	1457277	8320	32272	29824	0	101079	35216
84.56	23341ca4e4830bee	62944	1457468	8320	32240	29808	0	101081	35104
84.56	23341ca4e4830bee	62944	1457659	8320	32240	29808	0	101081	35104
84.56	23341ca4e4830bee	62944	1457850	8320	32240	29808	0	101085	35104
84.56	23341ca4e4830bee	62944	1458041	8320	32240	29808	0	101085	35104
84.56	23341ca4e4830bee	62944	1458232	8320	32240	29840	0	101087	35200
84.56	23341ca4e4830bee	62944	1458423	8320	32240	29840	0	101087	35200
84.56	23341ca4e4830bee	62944	1458615	8320	32240	29840	0	101075	35200
84.56	23341ca4e4830bee	62944	1458806	8192	32272	29840	0	101077	35184
84.56	23341ca4e4830bee	62944	1458997	8192	32272	29808	0	101079	35184
84.56	23341ca4e4830bee	62944	1459178	8192	32272	29808	0	101075	35184
84.56	23341ca4e4830bee	62944	1459417	8192	32272	29808	0	101091	35184
84.56	23341ca4e4830bee	62944	1459608	8320	32240	29840	0	101085	35152
84.56	23341ca4e4830bee	62944	1459799	8320	32240	29840	0	101079	35152
84.74	23341ca4e4830bee	62944	1459990	8320	32240	29840	0	101087	35152
84.56	23341ca4e4830bee	62944	1460181	8320	32240	29840	0	101081	35152
84.74	23341ca4e4830bee	62944	1460372	8320	32288	29824	0	101095	35072
84.56	23341ca4e4830bee	62944	1460563	8320	32288	29824	0	101073	35072
84.74	23341ca4e4830bee	62944	1460754	8320	32288	29824	0	101085	35072
84.74	23341ca4e4830bee	62944	1460945	8192	32288	29824	0	101087	35216
84.74	23341ca4e4830bee	62944	1461136	8192	32288	29840	0	101085	35216
84.56	23341ca4e4830bee	62944	1461328	8192	32288	29840	0	101075	35216
84.56	23341ca4e4830bee	62944	1461509	8192	32288	29840	0	101075	35216
84.56	23341ca4e4830bee	62944	1461700	8192	32272	29840	0	101085	35216
84.74	23341ca4e4830bee	62944	1461891	8192	32272	29792	0	101089	35216
84.74	23341ca4e4830bee	62944	1462082	8192	32272	29792	0	101089	35216
84.74	23341ca4e4830bee	62944	1462273	8192	32272	29792	0	101087	35216
84.74	23341ca4e4830bee	62944	1462464	8320	32288	29808	0	101089	35072
84.74	23341ca4e4830bee	62944	1462656	8320	32288	29808	0	101087	35072
84.56	23341ca4e4830bee	62944	1462847	8320	32288	29808	0	101087	35072
84.74	23341ca4e4830bee	62944	1463038	8320	32288	29808	0	101091	35072
84.74	23341ca4e4830bee	62944	1463277	8320	32256	29824	0	101083	35152
84.56	23341ca4e4830bee	62944	1463468	8320	32256	29824	0	101077	35152
84.56	23341ca4e4830bee	62944	1463659	8320	32256	29824	0	101077	35152
84.74	23341ca4e4830bee	62944	1463850	8320	32256	29824	0	101073	35184
84.74	23341ca4e4830bee	62944	1464041	8320	32256	29840	0	101087	35184
84.74	23341ca4e4830bee	62944	1464232	8320	32256	29840	0	101083	35184
84.74	23341ca4e4830bee	62944	1464423	8320	32256	29840	0	101081	35184
84.74	23341ca4e4830bee	62944	1464615	8320	32240	29808	0	101087	35104
84.74	23341ca4e4830bee	62944	1464806	8320	32240	29808	0	101093	35104
84.56	23341ca4e4830bee	62944	1464997	8320	32240	29808	0	101079	35104
84.74	23341ca4e4830bee	62944	1465188	8320	32240	29808	0	101087	35104
84.74	23341ca4e4830bee	62944	1465369	8192	32256	29824	0	101089	35232
84.74	23341ca4e4830bee	62944	1465560	8192	32256	29824	0	101089	35232
84.74	23341ca4e4830bee	62944	1465751	8192	32256	29824	0	101081	35232
84.56	23341ca4e4830bee	62944	1465943	8192	32256	29824	0	101077	35232
84.74	23341ca4e4830bee	62944	1466134	8320	32256	29792	0	101083	35136
84.74	23341ca4e4830bee	62944	1466325	8320	32256	29792	0	101081	35136
84.74	23341ca4e4830bee	62944	1466516	8320	32256	29792	0	101093	35136
84.74	23341ca4e4830bee	62944	1466707	8320	32256	29792	0	101083	35136
84.74	23341ca4e4830bee	62944	1466898	8320	32288	29824	0	101087	35104
84.74	23341ca4e4830bee	62944	1467129	8320	32288	29824	0	101071	35104
84.74	23341ca4e4830bee	62944	1467320	8320	32288	29824	0	101081	35104
84.74	23341ca4e4830bee	62944	1467512	8192	32256	29808	0	101081	35152
84.74	23341ca4e4830bee	62944	1467703	8192	32256	29808	0	101087	35152
84.74	23341ca4e4830bee	62944	1467894	8192	32256	29808	0	101081	35152
84.74	23341ca4e4830bee	62944	1468085	8192	32256	29808	0	101077	35152
84.74	23341ca4e4830bee	62944	1468276	8192	32256	29824	0	101081	35088
84.74	23341ca4e4830bee	62944	1468467	8192	32256	29824	0	101089	35088
84.74	23341ca4e4830bee	62944	1468658	8192	32256	29824	0	101083	35088
84.74	23341ca4e4830bee	62944	1468839	8192	32256	29824	0	101089	35088
84.74	23341ca4e4830bee	62944	1469030	8192	32272	29776	0	101081	35120
84.74	23341ca4e4830bee	62944	1469221	8192	32272	29776	0	101089	35120
84.74	23341ca4e4830bee	62944	1469413	8192	32272	29776	0	101093	35120
84.74	23341ca4e4830bee	62944	1469604	8320	32272	29776	0	101077	35168
84.74	23341ca4e4830bee	62944	1469795	8320	32272	29792	0	101089	35168
84.74	23341ca4e4830bee	62944	1469986	8320	32272	29792	0	101081	35168
84.74	23341ca4e4830bee	62944	1470178	8320	32272	29792	0	101087	35168
84.74	23341ca4e4830bee	62944	1470369	8320	32256	29792	0	101087	35248
84.74	23341ca4e4830bee	62944	1470550	8320	32256	29776	0	101089	35248
84.74	23341ca4e4830bee	62944	1470741	8320	32256	29776	0	101085	35248
84.74	23341ca4e4830bee	62944	1470982	8320	32256	29776	0	101089	35248
84.74	23341ca4e4830bee	62944	1471173	8320	32256	29792	0	101087	35136
84.74	23341ca4e4830bee	62944	1471364	8320	32256	29792	0	101085	35136
84.74	23341ca4e4830bee	62944	1471555	8320	32256	29792	0	101085	35136
84.74	23341ca4e4830bee	62944	1471746	8320	32256	29792	0	101089	35136
84.74	23341ca4e4830bee	62944	1471937	8320	32256	29824	0	101093	35120
84.74	23341ca4e4830bee	62944	1472128	8320	32256	29824	0	101083	35120
84.74	23341ca4e4830bee	62944	1472319	8320	32256	29824	0	101093	35120
84.74	23341ca4e4830bee	62944	1472500	8320	32256	29824	0	101093	35072
84.74	23341ca4e4830bee	62944	1472691	8320	32272	29840	0	101083	35072
84.74	23341ca4e4830bee	62944	1472882	8320	32272	29840	0	101091	35072
84.74	23341ca4e4830bee	62944	1473074	8320	32272	29840	0	101087	35072
84.74	23341ca4e4830bee	62944	1473265	8192	32272	29776	0	101083	35232
84.74	23341ca4e4830bee	62944	1473456	8192	32272	29776	0	101093	35232
84.74	23341ca4e4830bee	62944	1473647	8192	32272	29776	0	101081	35232
84.74	23341ca4e4830bee	62944	1473838	8192	32272	29776	0	101089	35232
84.74	23341ca4e4830bee	62944	1474029	8320	32288	29856	0	101079	35088
84.74	23341ca4e4830bee	62944	1474220	8320	32288	29856	0	101085	35088
84.74	23341ca4e4830bee	62944	1474412	8320	32288	29856	0	101085	35088
84.74	23341ca4e4830bee	62944	1474603	8320	32288	29856	0	101089	35088
84.74	23341ca4e4830bee	62944	1474831	8320	32240	29824	0	101091	35232
84.74	23341ca4e4830bee	62944	1475022	8320	32240	29824	0	101079	35232
84.74	23341ca4e4830bee	62944	1475213	8320	32240	29824	0	101085	35232
84.74	23341ca4e4830bee	62944	1475404	8192	32240	29824	0	101093	35136
84.74	23341ca4e4830bee	62944	1475595	8192	32288	29808	0	101091	35136
84.74	23341ca4e4830bee	62944	1475786	8192	32288	29808	0	101091	35136
84.74	23341ca4e4830bee	62944	1475978	8192	32288	29808	0	101089	35136
84.74	23341ca4e4830bee	62944	1476169	8320	32272	29840	0	101081	35168
84.74	23341ca4e4830bee	62944	1476360	8320	32272	29840	0	101079	35168
84.74	23341ca4e4830bee	62944	1476551	8320	32272	29840	0	101085	35168
84.74	23341ca4e4830bee	62944	1476742	8320	32272	29840	0	101081	35168
84.74	23341ca4e4830bee	62944	1476933	8320	32272	29824	0	101079	35248
84.74	23341ca4e4830bee	62944	1477124	8320	32272	29824	0	101085	35248
84.74	23341ca4e4830bee	62944	1477316	8320	32272	29824	0	101079	35248
84.74	23341ca4e4830bee	62944	1477507	8320	32272	29824	0	101077	35248
84.74	23341ca4e4830bee	62944	1477698	8320	32288	29824	0	101077	35120
84.74	23341ca4e4830bee	62944	1477889	8320	32288	29824	0	101079	35120
84.74	23341ca4e4830bee	62944	1478070	8320	32288	29824	0	101079	35120
84.74	23341ca4e4830bee	62944	1478261	8320	32288	29824	0	101085	35120
84.74	23341ca4e4830bee	62944	1478452	8320	32304	29808	0	101083	35248
84.74	23341ca4e4830bee	62944	1478692	8320	32304	29808	0	101083	35248
84.74	23341ca4e4830bee	62944	1478883	8320	32304	29808	0	101085	35248
84.74	23341ca4e4830bee	62944	1479074	8320	32272	29824	0	101085	35088
84.74	23341ca4e4830bee	62944	1479265	8320	32272	29824	0	101089	35088
84.74	23341ca4e4830bee	62944	1479456	8320	32272	29824	0	101089	35088
84.74	23341ca4e4830bee	62944	1479647	8320	32272	29824	0	101083	35088
84.74	23341ca4e4830bee	62944	1479838	8320	32272	29824	0	101077	35136
84.74	23341ca4e4830bee	62944	1480029	8320	32272	29824	0	101085	35136
84.74	23341ca4e4830bee	62944	1480232	8320	32272	29824	0	101083	35136
84.74	23341ca4e4830bee	62944	1480423	8192	32272	29824	0	101079	35136
84.74	23341ca4e4830bee	62944	1480614	8192	32288	29792	0	101079	35216
84.74	23341ca4e4830bee	62944	1480805	8192	32288	29792	0	101085	35216
84.74	23341ca4e4830bee	62944	1480997	8192	32288	29792	0	101077	35216
84.74	23341ca4e4830bee	62944	1481188	8320	32288	29792	0	101083	35056
84.74	23341ca4e4830bee	62944	1481379	8320	32272	29808	0	101083	35056
84.74	23341ca4e4830bee	62944	1481570	8320	32272	29808	0	101085	35056
84.74	23341ca4e4830bee	62944	1481751	8320	32272	29808	0	101077	35056
84.74	23341ca4e4830bee	62944	1481942	8192	32272	29776	0	101077	35056
84.74	23341ca4e4830bee	62944	1482133	8192	32272	29776	0	101085	35056
84.74	23341ca4e4830bee	62944	1482324	8192	32272	29776	0	101089	35056
84.74	23341ca4e4830bee	62944	1482562	8192	32272	29776	0	101079	35056
84.74	23341ca4e4830bee	62944	1482753	8192	32272	29808	0	101079	35056
84.74	23341ca4e4830bee	62944	1482944	8192	32272	29808	0	101079	35056
84.74	23341ca4e4830bee	62944	1483135	8192	32272	29808	0	101085	35056
84.74	23341ca4e4830bee	62944	1483326	8320	32272	29808	0	101083	35056
84.74	23341ca4e4830bee	62944	1483517	8320	32272	29792	0	101085	35200
84.74	23341ca4e4830bee	62944	1483709	8320	32272	29792	0	101083	35200
84.74	23341ca4e4830bee	62944	1483900	8320	32272	29792	0	101085	35200
84.74	23341ca4e4830bee	62944	1484081	8320	32272	29792	0	101093	35072
84.74	23341ca4e4830bee	62944	1484272	8320	32256	29824	0	101089	35072
84.74	23341ca4e4830bee	62944	1484463	8320	32256	29824	0	101089	35072
84.74	23341ca4e4830bee	62944	1484654	8320	32256	29824	0	101093	35072
84.74	23341ca4e4830bee	62944	1484846	8320	32288	29792	0	101083	35120
84.74	23341ca4e4830bee	62944	1485037	8320	32288	29792	0	101091	35120
84.74	23341ca4e4830bee	62944	1485228	8320	32288	29792	0	101089	35120
84.74	23341ca4e4830bee	62944	1485419	8320	32288	29792	0	101093	35120
84.74	23341ca4e4830bee	62944	1485610	8192	32272	29824	0	101085	35104
84.74	23341ca4e4830bee	62944	1485802	8192	32272	29824	0	101093	35104
84.74	23341ca4e4830bee	62944	1485993	8192	32272	29824	0	101085	35104
84.74	23341ca4e4830bee	62944	1486184	8320	32272	29824	0	101085	35104
84.74	23341ca4e4830bee	62944	1486421	8320	32288	29760	0	101077	35200
84.74	23341ca4e4830bee	62944	1486613	8320	32288	29760	0	101083	35200
84.74	23341ca4e4830bee	62944	1486804	8320	32288	29760	0	101083	35200
84.74	23341ca4e4830bee	62944	1486995	8320	32272	29824	0	101091	35120
84.74	23341ca4e4830bee	62944	1487186	8320	32272	29824	0	101083	35120
84.74	23341ca4e4830bee	62944	1487377	8320	32272	29824	0	101089	35120
84.74	23341ca4e4830bee	62944	1487568	8320	32272	29824	0	101081	35120
84.74	23341ca4e4830bee	62944	1487759	8320	32288	29808	0	101087	35056
84.74	23341ca4e4830bee	62944	1487950	8320	32288	29808	0	101087	35056
84.74	23341ca4e4830bee	62944	1488131	8320	32288	29808	0	101083	35056
84.74	23341ca4e4830bee	62944	1488322	8320	32288	29808	0	101083	35056
84.74	23341ca4e4830bee	62944	1488514	8320	32272	29840	0	101087	35248
84.74	23341ca4e4830bee	62944	1488705	8320	32272	29840	0	101087	35248
84.74	23341ca4e4830bee	62944	1488896	8320	32272	29840	0	101081	35248
84.74	23341ca4e4830bee	62944	1489087	8192	32272	29840	0	101085	35248
84.74	23341ca4e4830bee	62944	1489278	8192	32256	29824	0	101087	35136
84.74	23341ca4e4830bee	62944	1489469	8192	32256	29824	0	101081	35136
84.74	23341ca4e4830bee	62944	1489660	8192	32256	29824	0	101087	35136
84.74	23341ca4e4830bee	62944	1489842	8320	32256	29824	0	101075	35152
84.74	23341ca4e4830bee	62944	1490033	8320	32288	29808	0	101087	35152
84.74	23341ca4e4830bee	62944	1490276	8320	32288	29808	0	101087	35152
84.74	23341ca4e4830bee	62944	1490467	8320	32288	29808	0	101087	35152
84.74	23341ca4e4830bee	62944	1490659	8320	32240	29792	0	101087	35152
84.74	23341ca4e4830bee	62944	1490850	8320	32240	29792	0	101089	35152
84.74	23341ca4e4830bee	62944	1491041	8320	32240	29792	0	101089	35152
84.74	23341ca4e4830bee	62944	1491222	8320	32240	29792	0	101081	35152
84.74	23341ca4e4830bee	62944	1491413	8320	32256	29840	0	101075	35168
84.74	23341ca4e4830bee	62944	1491604	8320	32256	29840	0	101081	35168
84.74	23341ca4e4830bee	62944	1491795	8320	32256	29840	0	101085	35168
84.74	23341ca4e4830bee	62944	1491987	8320	32256	29840	0	101087	35168
84.74	23341ca4e4830bee	62944	1492178	8320	32240	29808	0	101087	35088
84.74	23341ca4e4830bee	62944	1492369	8320	32240	29808	0	101083	35088
84.74	23341ca4e4830bee	62944	1492560	8320	32240	29808	0	101087	35088
84.74	23341ca4e4830bee	62944	1492751	8192	32240	29808	0	101077	35200
84.74	23341ca4e4830bee	62944	1492942	8192	32288	29792	0	101081	35200
84.74	23341ca4e4830bee	62944	1493134	8192	32288	29792	0	101081	35200
84.74	23341ca4e4830bee	62944	1493325	8192	32288	29792	0	101093	35200
84.74	23341ca4e4830bee	62944	1493516	8320	32288	29808	0	101087	35232
84.74	23341ca4e4830bee	62944	1493707	8320	32288	29808	0	101093	35232
84.74	23341ca4e4830bee	62944	1493898	8320	32288	29808	0	101087	35232
84.74	23341ca4e4830bee	62944	1494127	8320	32288	29808	0	101077	35232
84.74	23341ca4e4830bee	62944	1494318	8320	32320	29792	0	101083	35200
84.74	23341ca4e4830bee	62944	1494509	8320	32320	29792	0	101089	35200
84.74	23341ca4e4830bee	62944	1494700	8320	32320	29792	0	101089	35200
84.74	23341ca4e4830bee	62944	1494891	8320	32320	29792	0	101093	35152
84.74	23341ca4e4830bee	62960	1495072	8320	32256	29824	0	101091	35152
84.74	23341ca4e4830bee	62960	1495264	8320	32256	29824	0	101081	35152
84.74	23341ca4e4830bee	62960	1495455	8320	32256	29824	0	101087	35152
84.74	23341ca4e4830bee	62992	1495646	8320	32256	29824	1	101081	35120
84.74	23341ca4e4830bee	62992	1495837	8320	32256	29808	1	101093	35120
84.74	23341ca4e4830bee	62992	1496028	8320	32256	29808	1	101089	35120
84.74	23341ca4e4830bee	62992	1496219	8320	32256	29808	1	101089	35120
84.74	23341ca4e4830bee	63280	1496410	8192	32288	29792	1	101083	35120
84.74	23341ca4e4830bee	63280	1496602	8192	32288	29792	1	101089	35120
84.74	23341ca4e4830bee	63280	1496793	8192	32288	29792	1	101083	35120
84.74	23341ca4e4830bee	63280	1496984	8192	32288	29792	1	101081	35120
84.74	23341ca4e4830bee	62992	1497175	8192	32256	29792	1	101089	35120
84.74	23341ca4e4830bee	62992	1497366	8192	32256	29792	0	101077	35120
84.74	23341ca4e4830bee	62992	1497557	8192	32256	29792	0	101089	35120
84.74	23341ca4e4830bee	62992	1497749	8320	32256	29792	0	101079	35120
84.74	23341ca4e4830bee	62960	1497967	8320	32256	29808	0	101093	35232
84.74	23341ca4e4830bee	62960	1498158	8320	32256	29808	0	101089	35232
84.74	23341ca4e4830bee	62960	1498349	8320	32256	29808	0	101083	35232
84.74	23341ca4e4830bee	62992	1498540	8192	32272	29808	0	101089	35168
84.74	23341ca4e4830bee	62992	1498732	8192	32272	29808	0	101091	35168
84.74	23341ca4e4830bee	62992	1498913	8192	32272	29808	0	101085	35168
84.74	23341ca4e4830bee	62992	1499104	8192	32272	29808	1	101083	35168
84.74	23341ca4e4830bee	63312	1499295	8320	32256	29824	1	101089	35088
84.74	23341ca4e4830bee	63312	1499486	8320	32256	29824	1	101091	35088
84.74	23341ca4e4830bee	63312	1499677	8320	32256	29824	1	101087	35088
84.74	23341ca4e4830bee	63312	1499869	8320	32256	29824	1	101079	35088
84.74	23341ca4e4830bee	63552	1500060	8192	32240	29824	1	101081	35184
84.74	23341ca4e4830bee	63552	1500251	8192	32240	29824	1	101083	35184
84.74	23341ca4e4830bee	63552	1500442	8192	32240	29824	1	101091	35184
84.74	23341ca4e4830bee	63552	1500633	8192	32240	29824	1	101083	35184
84.74	23341ca4e4830bee	63536	1500824	8192	32256	29840	1	101083	35216
84.74	23341ca4e4830bee	63536	1501015	8192	32256	29840	1	101101	35216
84.74	23341ca4e4830bee	63536	1501207	8192	32256	29840	1	101085	35216
84.74	23341ca4e4830bee	63536	1501398	8320	32256	29840	1	101089	35168
84.74	23341ca4e4830bee	63360	1501589	8320	32272	29824	1	101085	35168
84.74	23341ca4e4830bee	63360	1501824	8320	32272	29824	1	101079	35168
84.74	23341ca4e4830bee	63360	1502015	8320	32272	29824	0	101093	35168
84.74	23341ca4e4830bee	63728	1502219	8192	32272	29824	0	101079	35168
84.74	23341ca4e4830bee	63728	1502410	8192	32272	29824	1	101089	35168
84.74	23341ca4e4830bee	63728	1502601	8192	32272	29824	1	101089	35168
84.74	23341ca4e4830bee	63728	1502792	8192	32272	29824	1	101089	35168
84.74	23341ca4e4830bee	63696	1502973	8320	32256	29856	1	101085	35088
84.74	23341ca4e4830bee	63696	1503164	8320	32256	29856	1	101089	35088
84.74	23341ca4e4830bee	63696	1503355	8320	32256	29856	1	101089	35088
84.74	23341ca4e4830bee	63696	1503547	8320	32256	29856	1	101079	35088
84.74	23341ca4e4830bee	63632	1503738	8320	32304	29824	1	101083	35168
84.74	23341ca4e4830bee	63632	1503929	8320	32304	29824	0	101085	35168
84.74	23341ca4e4830bee	63632	1504120	8320	32304	29824	1	101073	35168
84.74	23341ca4e4830bee	63584	1504311	8320	32304	29824	1	101085	35152
84.74	23341ca4e4830bee	63584	1504502	8320	32256	29792	1	101085	35152
84.74	23341ca4e4830bee	63584	1504693	8320	32256	29792	1	101091	35152
84.74	23341ca4e4830bee	63584	1504885	8320	32256	29792	1	101089	35152
84.74	23341ca4e4830bee	63600	1505076	8320	32272	29792	1	101085	35088
84.74	23341ca4e4830bee	63600	1505267	8320	32272	29792	0	101083	35088
84.74	23341ca4e4830bee	63600	1505458	8320	32272	29792	1	101083	35088
84.74	23341ca4e4830bee	63600	1505699	8320	32272	29792	1	101091	35088
84.74	23341ca4e4830bee	63632	1505890	8320	32288	29792	1	101083	35104
84.74	23341ca4e4830bee	63632	1506081	8320	32288	29792	1	101089	35104
84.74	23341ca4e4830bee	63632	1506272	8320	32288	29792	1	101089	35104
84.74	23341ca4e4830bee	63632	1506453	8320	32288	29792	0	101089	35200
84.74	23341ca4e4830bee	63664	1506644	8320	32272	29792	1	101083	35200
84.74	23341ca4e4830bee	63664	1506835	8320	32272	29792	1	101085	35200
84.74	23341ca4e4830bee	63664	1507026	8320	32272	29792	1	101083	35200
84.74	23341ca4e4830bee	63680	1507218	8320	32272	29792	1	101079	35088
84.74	23341ca4e4830bee	63680	1507409	8320	32272	29824	1	101079	35088
84.74	23341ca4e4830bee	63680	1507600	8320	32272	29824	1	101089	35088
84.74	23341ca4e4830bee	63680	1507791	8320	32272	29824	1	101089	35088
84.74	23341ca4e4830bee	63680	1507982	8320	32256	29824	1	101085	35120
84.74	23341ca4e4830bee	63680	1508164	8320	32256	29824	1	101089	35120
84.74	23341ca4e4830bee	63680	1508355	8320	32256	29824	1	101083	35120
84.74	23341ca4e4830bee	63680	1508547	8320	32256	29824	1	101087	35120
84.74	23341ca4e4830bee	63696	1508738	8320	32288	29808	1	101083	35120
84.74	23341ca4e4830bee	63696	1508929	8320	32288	29808	1	101083	35120
84.74	23341ca4e4830bee	63696	1509120	8320	32288	29808	1	101089	35120
84.74	23341ca4e4830bee	63696	1509311	8320	32288	29808	1	101091	35120
84.74	23341ca4e4830bee	63792	1509542	8320	32256	29808	1	101081	35136
84.74	23341ca4e4830bee	63792	1509733	8320	32256	29808	0	101101	35136
84.74	23341ca4e4830bee	63792	1509924	8320	32256	29808	1	101087	35136
84.74	23341ca4e4830bee	63344	1510115	8320	32256	29824	1	101085	35200
84.74	23341ca4e4830bee	63344	1510306	8320	32256	29824	1	101093	35200
84.74	23341ca4e4830bee	63344	1510498	8320	32256	29824	1	101087	35200
84.74	23341ca4e4830bee	63344	1510689	8320	32256	29824	0	101085	35200
84.74	23341ca4e4830bee	63584	1510880	8192	32272	29856	1	101081	35120
84.74	23341ca4e4830bee	63584	1511071	8192	32272	29856	1	101081	35120
84.74	23341ca4e4830bee	63584	1511272	8192	32272	29856	1	101087	35120
84.74	23341ca4e4830bee	63584	1511463	8192	32272	29856	1	101081	35120
84.74	23341ca4e4830bee	62352	1511644	8320	32224	29792	1	101091	35168
84.74	23341ca4e4830bee	62352	1511835	8320	32224	29792	1	101083	35168
84.74	23341ca4e4830bee	62352	1512027	8320	32224	29792	1	101079	35168
84.74	23341ca4e4830bee	62352	1512218	8320	32224	29792	1	101079	35168
84.74	23341ca4e4830bee	62304	1512409	8320	32272	29808	1	101081	35136
84.74	23341ca4e4830bee	62304	1512600	8320	32272	29808	1	101081	35136
84.74	23341ca4e4830bee	62304	1512791	8320	32272	29808	1	101083	35136
84.74	23341ca4e4830bee	62304	1512982	8320	32272	29808	1	101083	35200
84.74	23341ca4e4830bee	62304	1513164	8320	32256	29840	1	101083	35200
84.74	23341ca4e4830bee	62304	1513406	8320	32256	29840	1	101083	35200
84.74	23341ca4e4830bee	62304	1513598	8320	32256	29840	1	101077	35200
84.74	23341ca4e4830bee	62384	1513789	8320	32208	29792	1	101077	35136
84.74	23341ca4e4830bee	62384	1513980	8320	32208	29792	1	101081	35136
84.74	23341ca4e4830bee	62384	1514171	8320	32208	29792	1	101083	35136
84.74	23341ca4e4830bee	62384	1514362	8320	32208	29792	1	101083	35136
84.74	23341ca4e4830bee	62384	1514553	8320	32256	29824	1	101085	35120
84.74	23341ca4e4830bee	62384	1514734	8320	32256	29824	1	101083	35120
84.74	23341ca4e4830bee	62384	1514925	8320	32256	29824	1	101081	35120
84.74	23341ca4e4830bee	62384	1515117	8320	32256	29824	1	101079	35120
84.74	23341ca4e4830bee	62432	1515328	8320	32240	29808	1	101093	35184
84.74	23341ca4e4830bee	62432	1515519	8320	32240	29808	1	101089	35184
84.74	23341ca4e4830bee	62432	1515710	8320	32240	29808	1	101093	35184
84.74	23341ca4e4830bee	62512	1515901	8192	32272	29792	1	101079	35120
84.74	23341ca4e4830bee	62512	1516092	8192	32272	29792	1	101085	35120
84.74	23341ca4e4830bee	62512	1516283	8192	32272	29792	1	101089	35120
84.74	23341ca4e4830bee	62512	1516464	8192	32272	29792	1	101083	35120
84.74	23341ca4e4830bee	62560	1516656	8320	32256	29776	1	101083	35136
84.74	23341ca4e4830bee	62560	1516847	8320	32256	29776	1	101079	35136
84.74	23341ca4e4830bee	62560	1517038	8320	32256	29776	0	101085	35136
84.74	23341ca4e4830bee	62560	1517268	8320	32256	29776	1	101083	35136
84.74	23341ca4e4830bee	62544	1517459	8320	32288	29840	1	101081	35168
84.74	23341ca4e4830bee	62544	1517650	8320	32288	29840	1	101083	35168
84.74	23341ca4e4830bee	62544	1517841	8320	32288	29840	1	101091	35168
84.74	23341ca4e4830bee	62528	1518032	8320	32288	29840	0	101093	35104
84.74	23341ca4e4830bee	62528	1518223	8320	32352	29792	1	101085	35104
84.74	23341ca4e4830bee	62528	1518405	8320	32352	29792	1	101091	35104
84.74	23341ca4e4830bee	62528	1518596	8320	32352	29792	0	101083	35104
84.74	23341ca4e4830bee	62544	1518787	8320	32192	29824	1	101091	35136
84.74	23341ca4e4830bee	62544	1518978	8320	32192	29824	1	101087	35136
84.74	23341ca4e4830bee	62544	1519169	8320	32192	29824	0	101091	35136
84.74	23341ca4e4830bee	62544	1519360	8320	32192	29824	0	101083	35136
84.74	23341ca4e4830bee	62560	1519552	8320	32304	29840	1	101083	35200
84.74	23341ca4e4830bee	62560	1519743	8320	32304	29840	1	101083	35200
84.74	23341ca4e4830bee	62560	1519934	8320	32304	29840	1	101093	35200
84.74	23341ca4e4830bee	62560	1520115	8320	32304	29840	0	101077	35200
84.74	23341ca4e4830bee	62560	1520306	8320	32320	29824	0	101075	35104
84.74	23341ca4e4830bee	62560	1520497	8320	32320	29824	0	101079	35104
84.74	23341ca4e4830bee	62560	1520688	8320	32320	29824	0	101083	35104
84.74	23341ca4e4830bee	62560	1520880	8192	32320	29824	0	101089	35104
84.74	23341ca4e4830bee	62560	1521120	8192	32208	29872	0	101071	35200
84.74	23341ca4e4830bee	62560	1521311	8192	32208	29872	0	101085	35200
84.74	23341ca4e4830bee	62560	1521502	8192	32208	29872	0	101087	35200
84.74	23341ca4e4830bee	62560	1521693	8320	32256	29840	0	101085	35216
84.74	23341ca4e4830bee	62560	1521884	8320	32256	29840	0	101077	35216
84.74	23341ca4e4830bee	62560	1522065	8320	32256	29840	0	101081	35216
84.74	23341ca4e4830bee	62560	1522256	8320	32256	29840	0	101083	35216
84.74	23341ca4e4830bee	62496	1522447	8320	32272	29808	1	101087	35072
84.74	23341ca4e4830bee	62496	1522638	8320	32272	29808	1	101077	35072
84.74	23341ca4e4830bee	62496	1522830	8320	32272	29808	1	101091	35072
84.74	23341ca4e4830bee	62496	1523021	8320	32272	29808	0	101079	35072
84.74	23341ca4e4830bee	62512	1523212	8320	32256	29840	0	101085	35168
84.74	23341ca4e4830bee	62512	1523403	8320	32256	29840	0	101091	35168
84.74	23341ca4e4830bee	62512	1523594	8320	32256	29840	0	101083	35168
84.74	23341ca4e4830bee	62512	1523775	8320	32256	29840	1	101089	35168
84.74	23341ca4e4830bee	62512	1523966	8320	32272	29808	1	101081	35200
84.74	23341ca4e4830bee	62512	1524158	8320	32272	29808	0	101101	35200
84.74	23341ca4e4830bee	62512	1524349	8320	32272	29808	0	101077	35200
84.74	23341ca4e4830bee	62480	1524541	8320	32272	29808	0	101081	35168
84.74	23341ca4e4830bee	62480	1524732	8320	32272	29808	0	101079	35168
84.74	23341ca4e4830bee	62480	1524964	8320	32272	29808	1	101087	35168
84.74	23341ca4e4830bee	62480	1525155	8320	32272	29808	1	101079	35168
84.74	23341ca4e4830bee	62480	1525346	8192	32240	29808	1	101077	35168
84.74	23341ca4e4830bee	62480	1525537	8192	32240	29808	0	101091	35168
84.74	23341ca4e4830bee	62480	1525728	8192	32240	29808	1	101085	35168
84.74	23341ca4e4830bee	62480	1525919	8192	32240	29808	1	101077	35168
84.74	23341ca4e4830bee	62496	1526111	8320	32240	29824	1	101077	35200
84.74	23341ca4e4830bee	62496	1526302	8320	32240	29824	1	101085	35200
84.74	23341ca4e4830bee	62496	1526493	8320	32240	29824	0	101083	35200
84.74	23341ca4e4830bee	62496	1526684	8320	32240	29824	1	101083	35152
84.74	23341ca4e4830bee	62528	1526875	8320	32304	29808	1	101079	35152
84.74	23341ca4e4830bee	62528	1527056	8320	32304	29808	1	101085	35152
84.74	23341ca4e4830bee	62528	1527247	8320	32304	29808	1	101073	35152
84.74	23341ca4e4830bee	62464	1527439	8192	32304	29808	1	101083	35216
84.74	23341ca4e4830bee	62464	1527630	8192	32288	29808	0	101079	35216
84.74	23341ca4e4830bee	62464	1527821	8192	32288	29808	0	101083	35216
84.74	23341ca4e4830bee	62464	1528012	8192	32288	29808	1	101089	35216
84.74	23341ca4e4830bee	62448	1528203	8320	32272	29808	1	101085	35232
84.74	23341ca4e4830bee	62448	1528394	8320	32272	29808	1	101083	35232
84.74	23341ca4e4830bee	62448	1528575	8320	32272	29808	1	101083	35232
84.74	23341ca4e4830bee	62448	1528814	8320	32272	29808	1	101089	35232
84.74	23341ca4e4830bee	62464	1529005	8320	32256	29824	1	101085	35168
84.74	23341ca4e4830bee	62464	1529186	8320	32256	29824	1	101085	35168
84.74	23341ca4e4830bee	62464	1529377	8320	32256	29824	1	101083	35168
84.74	23341ca4e4830bee	62464	1529568	8192	32256	29824	1	101089	35168
84.74	23341ca4e4830bee	62432	1529759	8192	32240	29824	0	101077	35136
84.74	23341ca4e4830bee	62432	1529950	8192	32240	29824	0	101093	35136
84.74	23341ca4e4830bee	62432	1530141	8192	32240	29824	1	101083	35136
84.74	23341ca4e4830bee	62400	1530352	8320	32256	29776	1	101079	35120
84.74	23341ca4e4830bee	62400	1530543	8320	32256	29776	1	101085	35120
84.74	23341ca4e4830bee	62400	1530734	8320	32256	29776	1	101079	35120
84.74	23341ca4e4830bee	62400	1530926	8320	32256	29776	1	101077	35120
84.74	23341ca4e4830bee	62384	1531107	8320	32272	29840	1	101083	35120
84.74	23341ca4e4830bee	62384	1531298	8320	32272	29840	0	101083	35120
84.74	23341ca4e4830bee	62384	1531489	8320	32272	29840	1	101079	35120
84.74	23341ca4e4830bee	62384	1531680	8320	32272	29840	0	101079	35120
84.74	23341ca4e4830bee	62400	1531872	8320	32288	29824	1	101077	35168
84.74	23341ca4e4830bee	62400	1532063	8320	32288	29824	1	101081	35168
84.74	23341ca4e4830bee	62400	1532254	8320	32288	29824	1	101079	35168
84.74	23341ca4e4830bee	62400	1532445	8320	32288	29824	1	101079	35168
84.74	23341ca4e4830bee	62400	1532676	8320	32272	29840	1	101079	35232
84.74	23341ca4e4830bee	62400	1532858	8320	32272	29840	1	101079	35232
84.74	23341ca4e4830bee	62400	1533049	8320	32272	29840	1	101083	35232
84.74	23341ca4e4830bee	62400	1533248	8320	32272	29792	1	101083	35264
84.74	23341ca4e4830bee	62400	1533439	8320	32272	29792	0	101089	35264
84.74	23341ca4e4830bee	62400	1533630	8320	32272	29792	0	101085	35264
84.74	23341ca4e4830bee	62400	1533821	8320	32272	29792	0	101083	35264
84.74	23341ca4e4830bee	62400	1534012	8320	32272	29808	0	101083	35120
84.74	23341ca4e4830bee	62400	1534203	8320	32272	29808	0	101079	35120
84.74	23341ca4e4830bee	62400	1534394	8320	32272	29808	0	101083	35120
84.74	23341ca4e4830bee	62400	1534585	8320	32272	29808	1	101083	35120
84.74	23341ca4e4830bee	62384	1534776	8320	32288	29792	0	101089	35136
84.74	23341ca4e4830bee	62384	1534968	8320	32288	29792	1	101077	35136
84.74	23341ca4e4830bee	62384	1535159	8320	32288	29792	1	101083	35136
84.74	23341ca4e4830bee	62384	1535351	8320	32288	29792	1	101089	35136
84.74	23341ca4e4830bee	62368	1535542	8320	32272	29792	1	101069	35184
84.74	23341ca4e4830bee	62368	1535733	8320	32272	29792	1	101089	35184
84.74	23341ca4e4830bee	62368	1535924	8320	32272	29792	1	101077	35184
84.74	23341ca4e4830bee	62320	1536115	8320	32256	29792	1	101085	35216
84.74	23341ca4e4830bee	62320	1536306	8320	32256	29824	1	101083	35216
84.74	23341ca4e4830bee	62320	1536548	8320	32256	29824	1	101083	35216
84.74	23341ca4e4830bee	62320	1536739	8320	32256	29824	1	101083	35216
84.74	23341ca4e4830bee	62304	1536930	8320	32272	29792	1	101085	35152
84.74	23341ca4e4830bee	62304	1537121	8320	32272	29792	1	101079	35152
84.74	23341ca4e4830bee	62304	1537312	8320	32272	29792	0	101091	35152
84.74	23341ca4e4830bee	62304	1537503	8320	32272	29792	0	101099	35152
84.74	23341ca4e4830bee	62304	1537695	8320	32256	29824	0	101093	35184
84.74	23341ca4e4830bee	62304	1537886	8320	32256	29824	0	101089	35184
84.74	23341ca4e4830bee	62304	1538077	8320	32256	29824	0	101093	35184
84.74	23341ca4e4830bee	62320	1538268	8320	32256	29824	0	101083	35184
84.74	23341ca4e4830bee	62320	1538459	8320	32288	29792	0	101083	35184
84.74	23341ca4e4830bee	62320	1538650	8320	32288	29792	1	101077	35184
84.74	23341ca4e4830bee	62320	1538841	8320	32288	29792	1	101083	35184
84.74	23341ca4e4830bee	62336	1539032	8320	32304	29824	1	101087	35216
84.74	23341ca4e4830bee	62336	1539224	8320	32304	29824	1	101083	35216
84.74	23341ca4e4830bee	62336	1539415	8320	32304	29824	1	101083	35216
84.74	23341ca4e4830bee	62336	1539606	8320	32304	29824	0	101077	35216
84.74	23341ca4e4830bee	62320	1539787	8320	32256	29824	0	101087	35184
84.74	23341ca4e4830bee	62320	1539978	8320	32256	29824	0	101081	35184
84.74	23341ca4e4830bee	62320	1540170	8320	32256	29824	0	101083	35184
84.74	23341ca4e4830bee	62320	1540408	8192	32256	29824	0	101075	35184
84.74	23341ca4e4830bee	62336	1540599	8192	32256	29824	0	101083	35120
84.74	23341ca4e4830bee	62336	1540790	8192	32256	29824	0	101081	35120
84.74	23341ca4e4830bee	62336	1540981	8192	32256	29824	0	101083	35120
84.74	23341ca4e4830bee	62320	1541172	8192	32272	29824	0	101085	35216
84.74	23341ca4e4830bee	62320	1541363	8192	32272	29792	0	101085	35216
84.74	23341ca4e4830bee	62320	1541554	8192	32272	29792	0	101067	35216
84.74	23341ca4e4830bee	62320	1541746	8192	32272	29792	0	101077	35216
84.74	23341ca4e4830bee	62320	1541937	8320	32256	29808	0	101085	35200
84.74	23341ca4e4830bee	62320	1542118	8320	32256	29808	0	101081	35200
84.74	23341ca4e4830bee	62320	1542309	8320	32256	29808	0	101087	35200
84.74	23341ca4e4830bee	62320	1542500	8320	32256	29808	0	101081	35200
84.74	23341ca4e4830bee	62336	1542691	8320	32288	29840	0	101089	35152
84.74	23341ca4e4830bee	62336	1542882	8320	32288	29840	0	101089	35152
84.74	23341ca4e4830bee	62336	1543074	8320	32288	29840	0	101087	35152
84.74	23341ca4e4830bee	62336	1543265	8320	32288	29840	0	101081	35152
84.74	23341ca4e4830bee	62336	1543456	8320	32272	29808	0	101083	35168
84.74	23341ca4e4830bee	62336	1543647	8320	32272	29808	0	101087	35168
84.74	23341ca4e4830bee	62336	1543838	8320	32272	29808	0	101083	35168
84.74	23341ca4e4830bee	62336	1544029	8320	32272	29808	0	101093	35200
84.74	23341ca4e4830bee	62320	1544271	8320	32256	29776	0	101091	35200
84.74	23341ca4e4830bee	62320	1544462	8320	32256	29776	0	101085	35200
84.74	23341ca4e4830bee	62320	1544653	8320	32256	29776	0	101085	35200
84.74	23341ca4e4830bee	62320	1544844	8320	32304	29824	0	101089	35120
84.74	23341ca4e4830bee	62320	1545035	8320	32304	29824	0	101083	35120
84.74	23341ca4e4830bee	62320	1545226	8320	32304	29824	0	101093	35120
84.74	23341ca4e4830bee	62320	1545418	8320	32304	29824	0	101083	35120
84.74	23341ca4e4830bee	62320	1545609	8192	32272	29776	0	101083	35184
84.74	23341ca4e4830bee	62320	1545800	8192	32272	29776	0	101081	35184
84.74	23341ca4e4830bee	62320	1545991	8192	32272	29776	0	101091	35184
84.74	23341ca4e4830bee	62320	1546182	8320	32272	29776	0	101083	35184
84.74	23341ca4e4830bee	62320	1546373	8320	32272	29808	0	101083	35104
84.74	23341ca4e4830bee	62320	1546565	8320	32272	29808	0	101083	35104
84.74	23341ca4e4830bee	62320	1546756	8320	32272	29808	0	101085	35104
84.74	23341ca4e4830bee	62304	1546947	8320	32272	29808	0	101083	35120
84.74	23341ca4e4830bee	62304	1547128	8320	32304	29856	0	101089	35120
84.74	23341ca4e4830bee	62304	1547319	8320	32304	29856	0	101085	35120
84.74	23341ca4e4830bee	62304	1547510	8320	32304	29856	0	101083	35120
84.74	23341ca4e4830bee	62320	1547701	8320	32288	29808	0	101093	35088
84.74	23341ca4e4830bee	62320	1547893	8320	32288	29808	0	101077	35088
84.74	23341ca4e4830bee	62320	1548131	8320	32288	29808	0	101083	35088
84.74	23341ca4e4830bee	62320	1548322	8320	32288	29808	0	101073	35088
84.74	23341ca4e4830bee	62304	1548513	8320	32240	29808	0	101083	35168
84.74	23341ca4e4830bee	62304	1548704	8320	32240	29808	0	101085	35168
84.74	23341ca4e4830bee	62304	1548895	8320	32240	29808	0	101089	35168
84.74	23341ca4e4830bee	62304	1549087	8320	32240	29808	0	101089	35088
84.74	23341ca4e4830bee	62304	1549278	8320	32288	29808	0	101077	35088
84.74	23341ca4e4830bee	62304	1549459	8320	32288	29808	0	101083	35088
84.74	23341ca4e4830bee	62304	1549650	8320	32288	29808	0	101083	35088
84.74	23341ca4e4830bee	62304	1549841	8320	32240	29808	0	101079	35120
84.74	23341ca4e4830bee	62304	1550032	8320	32240	29808	0	101083	35120
84.74	23341ca4e4830bee	62304	1550223	8320	32240	29808	0	101089	35120
84.74	23341ca4e4830bee	62304	1550414	8320	32240	29808	0	101083	35120
84.74	23341ca4e4830bee	62304	1550606	8320	32272	29840	0	101083	35168
84.74	23341ca4e4830bee	62304	1550797	8320	32272	29840	0	101083	35168
84.74	23341ca4e4830bee	62304	1550978	8320	32272	29840	0	101079	35168
84.74	23341ca4e4830bee	62304	1551169	8320	32272	29840	0	101083	35168
84.74	23341ca4e4830bee	62304	1551360	8320	32272	29776	0	101085	35200
84.74	23341ca4e4830bee	62304	1551552	8320	32272	29776	0	101075	35200
84.74	23341ca4e4830bee	62304	1551743	8320	32272	29776	0	101081	35200
84.74	23341ca4e4830bee	62304	1551971	8320	32272	29776	0	101083	35184
84.74	23341ca4e4830bee	62320	1552162	8320	32272	29808	0	101081	35184
84.74	23341ca4e4830bee	62320	1552353	8320	32272	29808	0	101085	35184
84.74	23341ca4e4830bee	62320	1552544	8320	32272	29808	0	101075	35184
84.74	23341ca4e4830bee	62304	1552736	8320	32272	29808	0	101089	35120
84.74	23341ca4e4830bee	62304	1552927	8320	32272	29824	0	101077	35120
84.74	23341ca4e4830bee	62304	1553118	8320	32272	29824	0	101081	35120
84.74	23341ca4e4830bee	62304	1553299	8320	32272	29824	0	101089	35120
84.74	23341ca4e4830bee	62304	1553490	8192	32224	29856	0	101089	35184
84.74	23341ca4e4830bee	62304	1553681	8192	32224	29856	0	101081	35184
84.74	23341ca4e4830bee	62304	1553872	8192	32224	29856	0	101085	35184
84.74	23341ca4e4830bee	62304	1554063	8192	32224	29856	0	101081	35184
84.74	23341ca4e4830bee	62304	1554255	8192	32272	29824	0	101079	35200
84.74	23341ca4e4830bee	62304	1554446	8192	32272	29824	0	101083	35200
84.74	23341ca4e4830bee	62304	1554637	8192	32272	29824	0	101081	35200
84.74	23341ca4e4830bee	62304	1554828	8320	32272	29824	0	101083	35200
84.74	23341ca4e4830bee	62304	1555009	8320	32272	29824	0	101083	35168
84.74	23341ca4e4830bee	62304	1555200	8320	32272	29824	0	101087	35168
84.74	23341ca4e4830bee	62304	1555391	8320	32272	29824	0	101077	35168
84.74	23341ca4e4830bee	62304	1555583	8320	32272	29824	0	101081	35104
84.74	23341ca4e4830bee	62320	1555822	8320	32256	29856	0	101089	35104
84.74	23341ca4e4830bee	62320	1556013	8320	32256	29856	0	101083	35104
84.74	23341ca4e4830bee	62320	1556204	8320	32256	29856	0	101083	35104
84.74	23341ca4e4830bee	62304	1556395	8320	32272	29840	0	101089	35152
84.74	23341ca4e4830bee	62304	1556586	8320	32272	29840	0	101087	35152
84.74	23341ca4e4830bee	62304	1556777	8320	32272	29840	0	101081	35152
84.74	23341ca4e4830bee	62304	1556968	8320	32272	29840	0	101075	35152
84.74	23341ca4e4830bee	62304	1557162	8320	32256	29840	0	101093	35184
84.74	23341ca4e4830bee	62304	1557354	8320	32256	29840	0	101077	35184
84.74	23341ca4e4830bee	62304	1557545	8320	32256	29840	0	101087	35184
84.74	23341ca4e4830bee	62304	1557736	8192	32256	29840	0	101089	35184
84.74	23341ca4e4830bee	62320	1557927	8192	32288	29824	0	101081	35200
84.74	23341ca4e4830bee	62320	1558119	8192	32288	29824	0	101087	35200
84.74	23341ca4e4830bee	62320	1558300	8192	32288	29824	0	101087	35200
84.74	23341ca4e4830bee	62320	1558491	8192	32288	29824	0	101095	35168
84.74	23341ca4e4830bee	62320	1558682	8192	32240	29840	0	101085	35168
84.74	23341ca4e4830bee	62320	1558873	8192	32240	29840	0	101089	35168
84.74	23341ca4e4830bee	62320	1559064	8192	32240	29840	0	101087	35168
84.74	23341ca4e4830bee	62304	1559263	8192	32256	29808	0	101077	35200
84.56	23341ca4e4830bee	62304	1559454	8192	32256	29808	0	101077	35200
84.74	23341ca4e4830bee	62304	1559694	8192	32256	29808	0	101083	35200
84.74	23341ca4e4830bee	62304	1559885	8320	32256	29808	0	101083	35200
84.74	23341ca4e4830bee	62336	1560076	8320	32288	29792	0	101085	35168
84.56	23341ca4e4830bee	62336	1560267	8320	32288	29792	0	101071	35168
84.74	23341ca4e4830bee	62336	1560458	8320	32288	29792	0	101083	35168
84.56	23341ca4e4830bee	62336	1560649	8320	32288	29792	0	101075	35216
84.56	23341ca4e4830bee	62336	1560830	8320	32256	29792	0	101073	35216
84.56	23341ca4e4830bee	62336	1561021	8320	32256	29792	0	101079	35216
84.56	23341ca4e4830bee	62336	1561212	8320	32256	29792	0	101079	35216
84.56	23341ca4e4830bee	62320	1561403	8320	32256	29792	0	101081	35104
84.56	23341ca4e4830bee	62320	1561600	8320	32256	29840	0	101067	35104
84.56	23341ca4e4830bee	62320	1561791	8320	32256	29840	1	101085	35104
84.56	23341ca4e4830bee	62320	1561982	8320	32256	29840	1	101079	35104
84.56	23341ca4e4830bee	62336	1562174	8320	32256	29824	0	101073	35200
84.74	23341ca4e4830bee	62336	1562365	8320	32256	29824	1	101077	35200
84.74	23341ca4e4830bee	62336	1562556	8320	32256	29824	1	101079	35200
84.74	23341ca4e4830bee	62336	1562747	8320	32256	29824	1	101083	35200
84.74	23341ca4e4830bee	62336	1562938	8320	32288	29824	1	101081	35200
84.74	23341ca4e4830bee	62336	1563145	8320	32288	29824	1	101089	35200
84.74	23341ca4e4830bee	62336	1563336	8320	32288	29824	1	101087	35200
84.56	23341ca4e4830bee	62320	1563563	8320	32288	29824	0	101077	35152
84.74	23341ca4e4830bee	62320	1563754	8320	32256	29824	1	101079	35152
84.74	23341ca4e4830bee	62320	1563945	8320	32256	29824	1	101081	35152
84.74	23341ca4e4830bee	62320	1564136	8320	32256	29824	1	101079	35152
84.74	23341ca4e4830bee	62320	1564328	8320	32256	29840	0	101083	35168
84.74	23341ca4e4830bee	62320	1564519	8320	32256	29840	1	101079	35168
84.74	23341ca4e4830bee	62320	1564720	8320	32256	29840	1	101085	35168
84.74	23341ca4e4830bee	62320	1564901	8320	32256	29840	1	101071	35168
84.74	23341ca4e4830bee	62336	1565092	8192	32256	29840	1	101087	35136
84.74	23341ca4e4830bee	62336	1565286	8192	32256	29840	0	101077	35136
84.74	23341ca4e4830bee	62336	1565477	8192	32256	29840	1	101083	35136
84.74	23341ca4e4830bee	62336	1565668	8320	32256	29840	1	101085	35136
84.74	23341ca4e4830bee	62320	1565860	8320	32256	29824	1	101075	35120
84.74	23341ca4e4830bee	62320	1566051	8320	32256	29824	1	101083	35120
84.74	23341ca4e4830bee	62320	1566248	8320	32256	29824	1	101087	35120
84.74	23341ca4e4830bee	62368	1566439	8320	32256	29824	1	101087	35136
84.74	23341ca4e4830bee	62368	1566630	8320	32240	29856	1	101083	35136
84.74	23341ca4e4830bee	62368	1566821	8320	32240	29856	1	101083	35136
84.56	23341ca4e4830bee	62368	1567012	8320	32240	29856	1	101067	35136
84.74	23341ca4e4830bee	62448	1567203	8320	32272	29856	1	101087	35120
84.56	23341ca4e4830bee	62448	1567443	8320	32272	29856	1	101077	35120
84.74	23341ca4e4830bee	62448	1567634	8320	32272	29856	1	101083	35120
84.74	23341ca4e4830bee	62448	1567825	8320	32272	29856	1	101077	35120
84.74	23341ca4e4830bee	62976	1568016	8320	32256	29824	1	101087	35088
84.74	23341ca4e4830bee	62976	1568207	8320	32256	29824	1	101087	35088
84.74	23341ca4e4830bee	62976	1568398	8320	32256	29824	1	101083	35088
84.74	23341ca4e4830bee	62976	1568589	8320	32256	29824	1	101089	35120
84.74	23341ca4e4830bee	62368	1568780	8320	32272	29808	1	101071	35120
84.74	23341ca4e4830bee	62368	1568971	8320	32272	29808	1	101077	35120
84.74	23341ca4e4830bee	62368	1569163	8320	32272	29808	1	101087	35120
84.74	23341ca4e4830bee	62336	1569354	8320	32288	29808	1	101087	35104
84.74	23341ca4e4830bee	62336	1569546	8320	32288	29840	0	101081	35104
84.74	23341ca4e4830bee	62336	1569737	8320	32288	29840	1	101079	35104
84.74	23341ca4e4830bee	62336	1569928	8320	32288	29840	1	101087	35104
84.74	23341ca4e4830bee	62304	1570119	8320	32272	29840	0	101089	35136
84.74	23341ca4e4830bee	62304	1570310	8320	32272	29840	0	101071	35136
84.74	23341ca4e4830bee	62304	1570491	8320	32272	29840	0	101081	35136
84.74	23341ca4e4830bee	62304	1570682	8320	32272	29840	0	101085	35136
84.74	23341ca4e4830bee	62304	1570874	8320	32256	29856	0	101087	35120
84.74	23341ca4e4830bee	62304	1571065	8320	32256	29856	0	101077	35120
84.74	23341ca4e4830bee	62304	1571298	8320	32256	29856	0	101091	35120
84.56	23341ca4e4830bee	63136	1571489	8320	32256	29856	0	101079	35120
84.56	23341ca4e4830bee	63136	1571680	8320	32256	29808	0	101073	35120
84.74	23341ca4e4830bee	63136	1571861	8320	32256	29808	0	101087	35120
84.74	23341ca4e4830bee	63136	1572052	8320	32256	29808	0	101079	35120
84.56	23341ca4e4830bee	63616	1572244	8320	32272	29808	0	101079	35184
84.74	23341ca4e4830bee	63616	1572435	8320	32272	29808	1	101085	35184
84.56	23341ca4e4830bee	63616	1572626	8320	32272	29808	1	101079	35184
84.74	23341ca4e4830bee	63616	1572817	8320	32272	29808	1	101099	35184
84.56	23341ca4e4830bee	63504	1573008	8320	32256	29840	1	101075	35152
84.56	23341ca4e4830bee	63504	1573199	8320	32256	29840	1	101079	35152
84.56	23341ca4e4830bee	63504	1573390	8320	32256	29840	1	101075	35152
84.74	23341ca4e4830bee	63504	1573571	8320	32256	29840	1	101091	35152
84.56	23341ca4e4830bee	63664	1573763	8320	32256	29840	1	101081	35136
84.56	23341ca4e4830bee	63664	1573954	8320	32256	29840	1	101069	35136
84.56	23341ca4e4830bee	63664	1574145	8320	32256	29840	0	101069	35136
84.56	23341ca4e4830bee	63664	1574336	8320	32256	29840	0	101081	35136
84.56	23341ca4e4830bee	63104	1574527	8320	32256	29824	1	101079	35120
84.56	23341ca4e4830bee	63104	1574718	8320	32256	29824	1	101079	35120
84.56	23341ca4e4830bee	63104	1574909	8320	32256	29824	1	101079	35120
84.56	23341ca4e4830bee	63088	1575138	8320	32272	29824	1	101073	35120
84.56	23341ca4e4830bee	63088	1575349	8320	32272	29824	1	101081	35120
84.56	23341ca4e4830bee	63088	1575540	8320	32272	29824	1	101077	35120
84.56	23341ca4e4830bee	63088	1575731	8320	32272	29824	0	101077	35120
84.74	23341ca4e4830bee	63120	1575912	8320	32288	29824	1	101087	35136
84.74	23341ca4e4830bee	63120	1576104	8320	32288	29824	1	101089	35136
84.74	23341ca4e4830bee	63120	1576295	8320	32288	29824	0	101085	35136
84.74	23341ca4e4830bee	63120	1576486	8320	32288	29824	1	101081	35136
84.74	23341ca4e4830bee	63024	1576677	8320	32272	29840	1	101077	35136
84.74	23341ca4e4830bee	63024	1576868	8320	32272	29840	1	101083	35136
84.74	23341ca4e4830bee	63024	1577059	8320	32272	29840	1	101083	35136
84.74	23341ca4e4830bee	63024	1577250	8320	32272	29840	1	101081	35136
84.74	23341ca4e4830bee	63024	1577442	8320	32288	29824	1	101081	35120
84.74	23341ca4e4830bee	63024	1577633	8320	32288	29824	1	101083	35120
84.74	23341ca4e4830bee	63024	1577824	8320	32288	29824	1	101083	35120
84.74	23341ca4e4830bee	63056	1578015	8192	32288	29824	1	101089	35232
84.74	23341ca4e4830bee	63056	1578206	8192	32272	29824	1	101083	35232
84.74	23341ca4e4830bee	63056	1578397	8192	32272	29824	1	101083	35232
84.74	23341ca4e4830bee	63056	1578588	8192	32272	29824	1	101089	35232
84.74	23341ca4e4830bee	63216	1578779	8320	32304	29808	1	101083	35136
84.74	23341ca4e4830bee	63216	1579008	8320	32304	29808	1	101083	35136
84.74	23341ca4e4830bee	63216	1579199	8320	32304	29808	1	101079	35136
84.74	23341ca4e4830bee	63216	1579395	8320	32304	29808	0	101073	35136
84.74	23341ca4e4830bee	63056	1579586	8320	32272	29824	0	101083	35200
84.74	23341ca4e4830bee	63056	1579777	8320	32272	29824	0	101075	35200
84.74	23341ca4e4830bee	63056	1579968	8320	32272	29824	0	101089	35200
84.74	23341ca4e4830bee	63024	1580159	8320	32272	29824	0	101083	35184
84.74	23341ca4e4830bee	63024	1580350	8320	32272	29840	0	101075	35184
84.74	23341ca4e4830bee	63024	1580541	8320	32272	29840	0	101077	35184
84.74	23341ca4e4830bee	63024	1580722	8320	32272	29840	0	101081	35184
84.74	23341ca4e4830bee	63024	1580914	8320	32288	29840	0	101089	35136
84.74	23341ca4e4830bee	63024	1581105	8320	32288	29824	0	101083	35136
84.74	23341ca4e4830bee	63024	1581296	8320	32288	29824	0	101087	35136
84.74	23341ca4e4830bee	63024	1581487	8320	32288	29824	0	101085	35136
84.74	23341ca4e4830bee	63008	1581678	8320	32256	29856	0	101081	35184
84.74	23341ca4e4830bee	63008	1581870	8320	32256	29856	0	101091	35184
84.74	23341ca4e4830bee	63008	1582061	8320	32256	29856	0	101079	35184
84.74	23341ca4e4830bee	63008	1582252	8320	32256	29856	0	101081	35184
84.74	23341ca4e4830bee	62992	1582443	8320	32240	29808	0	101085	35168
84.74	23341ca4e4830bee	62992	1582634	8320	32240	29808	0	101083	35168
84.74	23341ca4e4830bee	62992	1582873	8320	32240	29808	0	101085	35168
84.74	23341ca4e4830bee	62992	1583064	8320	32240	29808	0	101081	35168
84.74	23341ca4e4830bee	62992	1583262	8320	32256	29872	0	101085	35168
84.74	23341ca4e4830bee	62992	1583453	8320	32256	29872	0	101087	35168
84.74	23341ca4e4830bee	62992	1583644	8320	32256	29872	0	101075	35168
84.74	23341ca4e4830bee	62992	1583835	8320	32240	29824	0	101081	35136
84.74	23341ca4e4830bee	62992	1584026	8320	32240	29824	0	101091	35136
84.74	23341ca4e4830bee	62992	1584218	8320	32240	29824	0	101091	35136
84.74	23341ca4e4830bee	62992	1584409	8320	32240	29824	0	101081	35136
84.74	23341ca4e4830bee	62992	1584600	8320	32288	29840	0	101085	35120
84.74	23341ca4e4830bee	62992	1584791	8320	32288	29840	0	101083	35120
84.74	23341ca4e4830bee	62992	1584982	8320	32288	29840	0	101075	35120
84.74	23341ca4e4830bee	62992	1585163	8320	32288	29840	0	101085	35120
84.74	23341ca4e4830bee	63008	1585355	8320	32240	29792	0	101091	35136
84.74	23341ca4e4830bee	63008	1585546	8320	32240	29792	0	101083	35136
84.74	23341ca4e4830bee	63008	1585737	8320	32240	29792	0	101091	35136
84.74	23341ca4e4830bee	63008	1585929	8320	32240	29792	0	101077	35120
84.74	23341ca4e4830bee	63008	1586120	8320	32272	29840	0	101081	35120
84.74	23341ca4e4830bee	63008	1586311	8320	32272	29840	0	101081	35120
84.74	23341ca4e4830bee	63008	1586502	8320	32272	29840	0	101085	35120
84.74	23341ca4e4830bee	62992	1586731	8320	32256	29840	0	101083	35168
84.74	23341ca4e4830bee	62992	1586922	8320	32256	29840	0	101083	35168
84.74	23341ca4e4830bee	62992	1587113	8320	32256	29840	0	101083	35168
84.74	23341ca4e4830bee	62992	1587310	8320	32256	29840	0	101083	35168
84.74	23341ca4e4830bee	62992	1587501	8320	32288	29840	0	101081	35168
84.74	23341ca4e4830bee	62992	1587692	8320	32288	29840	0	101083	35168
84.92	23341ca4e4830bee	62992	1587873	8320	32288	29840	0	101087	35168
84.74	23341ca4e4830bee	62992	1588065	8320	32288	29840	0	101083	35168
84.74	23341ca4e4830bee	62992	1588256	8320	32224	29856	0	101089	35184
84.92	23341ca4e4830bee	62992	1588447	8320	32224	29856	0	101083	35184
84.92	23341ca4e4830bee	62992	1588638	8320	32224	29856	0	101089	35184
84.74	23341ca4e4830bee	62992	1588829	8320	32224	29856	0	101071	35152
84.74	23341ca4e4830bee	62992	1589020	8320	32256	29840	0	101087	35152
84.92	23341ca4e4830bee	62992	1589211	8320	32256	29840	0	101083	35152
84.92	23341ca4e4830bee	62992	1589403	8320	32256	29840	0	101091	35152
84.92	23341ca4e4830bee	62992	1589594	8320	32272	29856	0	101079	35152
84.74	23341ca4e4830bee	62992	1589785	8320	32272	29856	0	101087	35152
84.74	23341ca4e4830bee	62992	1589976	8320	32272	29856	0	101087	35152
84.92	23341ca4e4830bee	62992	1590167	8320	32272	29856	0	101077	35152
84.92	23341ca4e4830bee	62992	1590378	8320	32240	29856	0	101083	35200
84.92	23341ca4e4830bee	62992	1590619	8320	32240	29856	0	101089	35200
84.92	23341ca4e4830bee	62992	1590810	8320	32240	29856	0	101089	35200
84.92	23341ca4e4830bee	62992	1591001	8320	32240	29856	0	101083	35152
84.92	23341ca4e4830bee	62992	1591192	8320	32224	29840	0	101089	35152
84.92	23341ca4e4830bee	62992	1591383	8320	32224	29840	0	101083	35152
84.92	23341ca4e4830bee	62992	1591564	8320	32224	29840	0	101087	35152
84.92	23341ca4e4830bee	62992	1591755	8320	32272	29840	0	101089	35168
84.92	23341ca4e4830bee	62992	1591946	8320	32272	29840	0	101083	35168
84.92	23341ca4e4830bee	62992	1592137	8320	32272	29840	0	101079	35168
84.92	23341ca4e4830bee	62992	1592328	8320	32272	29840	0	101081	35168
84.92	23341ca4e4830bee	62992	1592520	8320	32272	29840	0	101081	35168
84.92	23341ca4e4830bee	62992	1592711	8320	32272	29840	0	101075	35168
84.92	23341ca4e4830bee	62992	1592902	8320	32272	29840	0	101085	35168
84.92	23341ca4e4830bee	62992	1593093	8320	32272	29840	0	101075	35168
84.92	23341ca4e4830bee	62992	1593274	8320	32288	29840	0	101091	35024
84.92	23341ca4e4830bee	62992	1593465	8320	32288	29840	0	101079	35024
84.92	23341ca4e4830bee	62992	1593657	8320	32288	29840	0	101075	35024
84.92	23341ca4e4830bee	62992	1593848	8320	32288	29840	0	101079	35024
84.92	23341ca4e4830bee	62992	1594039	8320	32272	29840	0	101081	35024
84.92	23341ca4e4830bee	62992	1594230	8320	32272	29840	0	101075	35024
84.92	23341ca4e4830bee	62992	1594468	8320	32272	29840	0	101077	35024
84.92	23341ca4e4830bee	62992	1594659	8320	32288	29840	0	101087	35200
84.92	23341ca4e4830bee	62992	1594850	8320	32288	29840	0	101081	35200
84.92	23341ca4e4830bee	62992	1595041	8320	32288	29840	0	101077	35200
84.92	23341ca4e4830bee	62992	1595244	8320	32288	29840	0	101081	35200
84.92	23341ca4e4830bee	63008	1595436	8320	32256	29888	0	101087	35104
84.92	23341ca4e4830bee	63008	1595627	8320	32256	29888	0	101081	35104
84.92	23341ca4e4830bee	63008	1595818	8320	32256	29888	0	101075	35104
84.92	23341ca4e4830bee	63008	1596009	8320	32256	29888	0	101077	35104
84.92	23341ca4e4830bee	63008	1596200	8320	32256	29856	0	101083	35184
84.92	23341ca4e4830bee	63008	1596391	8320	32256	29856	0	101081	35184
84.92	23341ca4e4830bee	63008	1596582	8320	32256	29856	0	101081	35184
84.92	23341ca4e4830bee	63008	1596773	8320	32256	29856	0	101083	35168
84.92	23341ca4e4830bee	63008	1596955	8320	32288	29824	0	101081	35168
84.92	23341ca4e4830bee	63008	1597146	8320	32288	29824	0	101087	35168
84.92	23341ca4e4830bee	63008	1597337	8320	32288	29824	0	101087	35168
84.92	23341ca4e4830bee	62992	1597528	8320	32272	29824	0	101083	35088
84.92	23341ca4e4830bee	62992	1597719	8320	32272	29840	0	101087	35088
84.92	23341ca4e4830bee	62992	1597910	8320	32272	29840	0	101081	35088
84.92	23341ca4e4830bee	62992	1598101	8320	32272	29840	0	101087	35088
84.92	23341ca4e4830bee	62992	1598332	8320	32272	29840	0	101077	35152
84.92	23341ca4e4830bee	62992	1598523	8320	32272	29840	0	101081	35152
84.92	23341ca4e4830bee	62992	1598714	8320	32272	29840	0	101083	35152
84.92	23341ca4e4830bee	62992	1598895	8320	32272	29840	0	101075	35152
84.92	23341ca4e4830bee	63008	1599086	8320	32304	29824	0	101087	35168
84.92	23341ca4e4830bee	63008	1599277	8320	32304	29824	0	101087	35168
84.92	23341ca4e4830bee	63008	1599468	8320	32304	29824	0	101075	35168
84.92	23341ca4e4830bee	63008	1599659	8320	32304	29824	0	101075	35152
84.92	23341ca4e4830bee	63008	1599850	8320	32256	29824	0	101091	35152
84.92	23341ca4e4830bee	63008	1600042	8320	32256	29824	0	101095	35152
84.92	23341ca4e4830bee	63008	1600233	8320	32256	29824	0	101087	35152
84.92	23341ca4e4830bee	63008	1600424	8320	32256	29824	0	101077	35184
84.92	23341ca4e4830bee	63008	1600605	8320	32256	29792	0	101087	35184
84.92	23341ca4e4830bee	63008	1600796	8320	32256	29792	0	101075	35184
84.92	23341ca4e4830bee	63008	1600987	8320	32256	29792	0	101077	35184
84.92	23341ca4e4830bee	63008	1601178	8320	32288	29824	0	101077	35184
84.92	23341ca4e4830bee	63008	1601370	8320	32288	29824	0	101087	35184
84.92	23341ca4e4830bee	63008	1601561	8320	32288	29824	0	101083	35184
84.92	23341ca4e4830bee	63008	1601752	8320	32288	29824	0	101087	35184
84.92	23341ca4e4830bee	63008	1601943	8320	32256	29808	0	101083	35120
84.92	23341ca4e4830bee	63008	1602163	8320	32256	29808	0	101085	35120
84.92	23341ca4e4830bee	63008	1602354	8320	32256	29808	0	101075	35120
84.92	23341ca4e4830bee	63008	1602535	8320	32256	29808	0	101077	35120
84.92	23341ca4e4830bee	62992	1602726	8320	32256	29840	0	101077	35072
84.92	23341ca4e4830bee	62992	1602917	8320	32256	29840	0	101073	35072
84.92	23341ca4e4830bee	62992	1603108	8320	32256	29840	0	101087	35072
84.92	23341ca4e4830bee	62992	1603300	8320	32256	29840	0	101085	35152
84.92	23341ca4e4830bee	62992	1603491	8320	32240	29824	0	101083	35152
84.92	23341ca4e4830bee	62992	1603682	8320	32240	29824	0	101089	35152
84.92	23341ca4e4830bee	62992	1603873	8320	32240	29824	0	101083	35152
84.92	23341ca4e4830bee	62992	1604064	8320	32272	29840	0	101087	35136
84.92	23341ca4e4830bee	62992	1604249	8320	32272	29840	0	101083	35136
84.92	23341ca4e4830bee	62992	1604440	8320	32272	29840	0	101077	35136
84.92	23341ca4e4830bee	62992	1604631	8320	32272	29840	0	101081	35136
84.92	23341ca4e4830bee	62992	1604822	8320	32304	29792	0	101089	35152
84.92	23341ca4e4830bee	62992	1605013	8320	32304	29792	0	101069	35152
84.92	23341ca4e4830bee	62992	1605205	8320	32304	29792	0	101079	35152
84.92	23341ca4e4830bee	62992	1605386	8320	32304	29792	0	101085	35152
84.92	23341ca4e4830bee	62992	1605577	8320	32304	29840	0	101081	35184
84.92	23341ca4e4830bee	62992	1605768	8320	32304	29840	0	101073	35184
84.92	23341ca4e4830bee	62992	1605993	8320	32304	29840	0	101089	35184
84.92	23341ca4e4830bee	62992	1606184	8320	32304	29840	0	101077	35136
84.92	23341ca4e4830bee	62992	1606366	8320	32272	29824	0	101073	35136
84.92	23341ca4e4830bee	62992	1606557	8320	32272	29824	0	101083	35136
84.92	23341ca4e4830bee	62992	1606748	8320	32272	29824	0	101085	35136
84.92	23341ca4e4830bee	62992	1606939	8320	32256	29808	0	101077	35168
84.92	23341ca4e4830bee	62992	1607130	8320	32256	29808	0	101085	35168
84.92	23341ca4e4830bee	62992	1607321	8320	32256	29808	0	101077	35168
84.92	23341ca4e4830bee	62992	1607512	8320	32256	29808	0	101085	35168
84.92	23341ca4e4830bee	62992	1607703	8320	32256	29808	0	101073	35152
84.92	23341ca4e4830bee	62992	1607895	8320	32256	29808	0	101089	35152
84.92	23341ca4e4830bee	62992	1608076	8320	32256	29808	0	101083	35152
84.92	23341ca4e4830bee	62992	1608267	8320	32256	29808	0	101079	35152
84.92	23341ca4e4830bee	62992	1608458	8320	32272	29872	0	101081	35184
84.92	23341ca4e4830bee	62992	1608649	8320	32272	29872	0	101085	35184
84.92	23341ca4e4830bee	62992	1608840	8320	32272	29872	0	101077	35184
84.92	23341ca4e4830bee	62992	1609031	8320	32272	29872	0	101087	35184
84.92	23341ca4e4830bee	62992	1609223	8320	32272	29840	0	101081	35168
84.92	23341ca4e4830bee	62992	1609414	8320	32272	29840	0	101081	35168
84.92	23341ca4e4830bee	62992	1609605	8320	32272	29840	0	101075	35168
84.92	23341ca4e4830bee	62992	1609844	8320	32272	29808	0	101077	35056
84.92	23341ca4e4830bee	62992	1610035	8320	32272	29808	0	101075	35056
84.92	23341ca4e4830bee	62992	1610216	8320	32272	29808	0	101083	35056
84.92	23341ca4e4830bee	62992	1610407	8320	32272	29808	0	101081	35056
84.92	23341ca4e4830bee	62992	1610598	8320	32272	29856	0	101077	35168
84.92	23341ca4e4830bee	62992	1610789	8320	32272	29856	0	101083	35168
84.92	23341ca4e4830bee	62992	1610980	8320	32272	29856	0	101081	35168
84.92	23341ca4e4830bee	62992	1611171	8320	32272	29856	0	101087	35168
84.92	23341ca4e4830bee	62992	1611363	8320	32304	29856	0	101087	35136
84.92	23341ca4e4830bee	62992	1611554	8320	32304	29856	0	101077	35136
84.92	23341ca4e4830bee	62992	1611745	8320	32304	29856	0	101083	35136
84.92	23341ca4e4830bee	62992	1611926	8320	32304	29856	0	101077	35136
84.92	23341ca4e4830bee	62992	1612118	8320	32272	29824	0	101081	35200
84.92	23341ca4e4830bee	62992	1612309	8320	32272	29824	0	101075	35200
84.92	23341ca4e4830bee	62992	1612500	8320	32272	29824	0	101077	35200
84.92	23341ca4e4830bee	62992	1612691	8320	32272	29824	0	101081	35200
84.92	23341ca4e4830bee	62992	1612882	8320	32288	29808	0	101075	35200
84.92	23341ca4e4830bee	62992	1613073	8320	32288	29808	0	101075	35200
84.92	23341ca4e4830bee	62992	1613265	8320	32288	29808	0	101083	35200
84.92	23341ca4e4830bee	62992	1613446	8320	32256	29856	0	101083	35168
84.92	23341ca4e4830bee	62992	1613685	8320	32256	29856	0	101085	35168
84.92	23341ca4e4830bee	62992	1613866	8320	32256	29856	0	101095	35168
84.92	23341ca4e4830bee	62992	1614057	8320	32256	29856	0	101077	35168
84.92	23341ca4e4830bee	62992	1614261	8320	32240	29840	0	101081	35200
84.92	23341ca4e4830bee	62992	1614452	8320	32240	29840	0	101065	35200
84.92	23341ca4e4830bee	62992	1614643	8320	32240	29840	0	101091	35200
84.92	23341ca4e4830bee	62992	1614834	8320	32240	29840	0	101085	35184
84.92	23341ca4e4830bee	62992	1615025	8320	32272	29840	0	101079	35184
84.92	23341ca4e4830bee	62992	1615206	8320	32272	29840	0	101079	35184
84.92	23341ca4e4830bee	62992	1615397	8320	32272	29840	0	101075	35184
84.92	23341ca4e4830bee	62992	1615588	8320	32288	29840	0	101079	35136
84.92	23341ca4e4830bee	62992	1615779	8320	32288	29840	0	101075	35136
84.92	23341ca4e4830bee	62992	1615971	8320	32288	29840	0	101075	35136
84.92	23341ca4e4830bee	62992	1616162	8320	32288	29840	0	101073	35136
84.92	23341ca4e4830bee	62992	1616353	8320	32240	29856	0	101077	35184
84.92	23341ca4e4830bee	62992	1616544	8320	32240	29856	0	101077	35184
84.92	23341ca4e4830bee	62992	1616735	8320	32240	29856	0	101079	35184
84.92	23341ca4e4830bee	62992	1616916	8320	32240	29856	0	101079	35184
84.92	23341ca4e4830bee	62992	1617108	8320	32240	29824	0	101079	35136
84.92	23341ca4e4830bee	62992	1617299	8320	32240	29824	0	101079	35136
84.92	23341ca4e4830bee	62992	1617542	8320	32240	29824	0	101075	35136
84.92	23341ca4e4830bee	63008	1617733	8320	32240	29824	0	101085	35152
84.92	23341ca4e4830bee	63008	1617924	8320	32256	29840	0	101067	35152
84.92	23341ca4e4830bee	63008	1618116	8320	32256	29840	0	101077	35152
84.92	23341ca4e4830bee	63008	1618297	8320	32256	29840	0	101077	35152
84.92	23341ca4e4830bee	63008	1618488	8320	32256	29840	0	101079	35168
84.92	23341ca4e4830bee	63008	1618679	8320	32256	29824	0	101077	35168
84.92	23341ca4e4830bee	63008	1618870	8320	32256	29824	0	101083	35168
84.92	23341ca4e4830bee	63008	1619061	8320	32256	29824	0	101077	35168
84.92	23341ca4e4830bee	63072	1619252	8320	32256	29840	0	101079	35120
84.92	23341ca4e4830bee	63072	1619443	8320	32256	29840	0	101077	35120
84.92	23341ca4e4830bee	63072	1619635	8320	32256	29840	0	101089	35120
84.92	23341ca4e4830bee	63072	1619826	8320	32256	29840	0	101079	35120
84.92	23341ca4e4830bee	63536	1620007	8320	32272	29824	1	101081	35120
84.92	23341ca4e4830bee	63536	1620198	8320	32272	29824	0	101089	35120
84.92	23341ca4e4830bee	63536	1620389	8320	32272	29824	1	101081	35120
84.92	23341ca4e4830bee	63536	1620580	8448	32272	29824	1	101073	35120
84.92	23341ca4e4830bee	63264	1620771	8448	32256	29840	1	101087	35120
84.92	23341ca4e4830bee	63264	1620963	8448	32256	29840	1	101083	35120
84.92	23341ca4e4830bee	63264	1621154	8448	32256	29840	1	101081	35120
84.92	23341ca4e4830bee	63168	1621384	8448	32272	29824	1	101071	35136
84.92	23341ca4e4830bee	63168	1621575	8448	32272	29824	1	101081	35136
84.92	23341ca4e4830bee	63168	1621766	8448	32272	29824	1	101081	35136
84.92	23341ca4e4830bee	63168	1621957	8448	32272	29824	1	101077	35136
84.92	23341ca4e4830bee	63200	1622149	8320	32304	29824	1	101077	35120
84.92	23341ca4e4830bee	63200	1622340	8320	32304	29824	0	101087	35120
84.92	23341ca4e4830bee	63200	1622531	8320	32304	29824	1	101077	35120
84.92	23341ca4e4830bee	63200	1622722	8320	32304	29824	1	101083	35120
84.92	23341ca4e4830bee	63024	1622913	8320	32272	29808	1	101073	35120
84.92	23341ca4e4830bee	63024	1623104	8320	32272	29808	1	101079	35120
84.92	23341ca4e4830bee	63024	1623301	8320	32272	29808	1	101081	35120
84.74	23341ca4e4830bee	63024	1623492	8320	32272	29808	1	101075	35120
84.92	23341ca4e4830bee	63008	1623684	8320	32256	29824	0	101083	35152
84.92	23341ca4e4830bee	63008	1623875	8320	32256	29824	0	101075	35152
84.92	23341ca4e4830bee	63008	1624066	8320	32256	29824	0	101077	35152
84.74	23341ca4e4830bee	63008	1624247	8320	32256	29824	0	101081	35120
84.74	23341ca4e4830bee	63008	1624438	8320	32272	29840	0	101081	35120
84.92	23341ca4e4830bee	63008	1624629	8320	32272	29840	0	101089	35120
84.74	23341ca4e4830bee	63008	1624820	8320	32272	29840	0	101083	35120
84.74	23341ca4e4830bee	63008	1625012	8320	32256	29840	0	101075	35136
84.74	23341ca4e4830bee	63008	1625250	8320	32256	29840	0	101087	35136
84.92	23341ca4e4830bee	63008	1625441	8320	32256	29840	0	101089	35136
84.74	23341ca4e4830bee	63008	1625632	8320	32256	29840	0	101087	35136
84.74	23341ca4e4830bee	62992	1625823	8320	32240	29792	0	101077	35184
84.74	23341ca4e4830bee	62992	1626014	8320	32240	29792	0	101081	35184
84.92	23341ca4e4830bee	62992	1626205	8320	32240	29792	0	101087	35184
84.74	23341ca4e4830bee	62992	1626396	8320	32240	29792	0	101083	35120
84.92	23341ca4e4830bee	62992	1626577	8320	32256	29840	0	101083	35120
84.74	23341ca4e4830bee	62992	1626769	8320	32256	29840	0	101077	35120
84.74	23341ca4e4830bee	62992	1626960	8320	32256	29840	0	101083	35120
84.92	23341ca4e4830bee	62992	1627151	8320	32272	29840	0	101077	35168
84.92	23341ca4e4830bee	62992	1627342	8320	32272	29840	0	101087	35168
84.92	23341ca4e4830bee	62992	1627533	8320	32272	29840	0	101081	35168
84.92	23341ca4e4830bee	62992	1627724	8320	32272	29840	0	101081	35168
84.92	23341ca4e4830bee	62992	1627915	8320	32304	29840	0	101081	35168
84.92	23341ca4e4830bee	62992	1628107	8320	32304	29840	0	101079	35168
84.92	23341ca4e4830bee	62992	1628293	8320	32304	29840	0	101087	35168
84.92	23341ca4e4830bee	62992	1628484	8320	32304	29840	0	101087	35168
84.92	23341ca4e4830bee	62992	1628676	8320	32288	29808	0	101081	35120
84.92	23341ca4e4830bee	62992	1628867	8320	32288	29808	0	101079	35120
84.92	23341ca4e4830bee	62992	1629111	8320	32288	29808	0	101085	35120
84.92	23341ca4e4830bee	62992	1629302	8320	32288	29808	0	101081	35168
84.92	23341ca4e4830bee	62992	1629493	8320	32304	29840	0	101075	35168
84.92	23341ca4e4830bee	62992	1629684	8320	32304	29840	0	101085	35168
84.92	23341ca4e4830bee	62992	1629875	8320	32304	29840	0	101091	35168
84.92	23341ca4e4830bee	63056	1630066	8320	32272	29824	0	101079	35120
84.92	23341ca4e4830bee	63056	1630257	8320	32272	29824	0	101085	35120
84.92	23341ca4e4830bee	63056	1630448	8320	32272	29824	0	101081	35120
84.92	23341ca4e4830bee	63056	1630639	8320	32272	29824	0	101085	35120
84.92	23341ca4e4830bee	63072	1630831	8320	32304	29856	0	101081	35168
84.92	23341ca4e4830bee	63072	1631022	8320	32304	29856	0	101081	35168
84.92	23341ca4e4830bee	63072	1631213	8320	32304	29856	0	101087	35168
84.92	23341ca4e4830bee	63072	1631404	8320	32304	29856	0	101089	35168
84.92	23341ca4e4830bee	63008	1631595	8320	32256	29824	0	101083	35120
84.92	23341ca4e4830bee	63008	1631786	8320	32256	29824	0	101083	35120
84.74	23341ca4e4830bee	63008	1631977	8320	32256	29824	0	101083	35120
84.74	23341ca4e4830bee	63008	1632169	8320	32256	29824	0	101075	35120
84.74	23341ca4e4830bee	63008	1632360	8320	32272	29856	0	101081	35120
84.74	23341ca4e4830bee	63008	1632551	8320	32272	29856	1	101083	35120
84.74	23341ca4e4830bee	63008	1632743	8320	32272	29856	0	101081	35120