Digit_temp	id	light	timestamp	acc_z	acc_y	acc_x	motion	pressure	humid
84.38	23341ca4e4830bee	62928	1159259	8192	32288	29776	0	101089	35120
84.38	23341ca4e4830bee	62928	1159457	8192	32288	29776	0	101077	35120
84.38	23341ca4e4830bee	62928	1159648	8192	32288	29776	0	101087	35120
84.38	23341ca4e4830bee	62928	1159840	8192	32288	29776	0	101087	35120
84.38	23341ca4e4830bee	62928	1160031	8192	32256	29792	0	101087	35120
84.38	23341ca4e4830bee	62928	1160222	8192	32256	29792	0	101087	35120
84.38	23341ca4e4830bee	62928	1160413	8192	32256	29792	0	101087	35120
84.38	23341ca4e4830bee	62928	1160604	8192	32256	29792	0	101081	35120
84.38	23341ca4e4830bee	62944	1160795	8192	32288	29760	0	101089	35184
84.38	23341ca4e4830bee	62944	1160986	8192	32288	29760	0	101087	35184
84.38	23341ca4e4830bee	62944	1161177	8192	32288	29760	0	101081	35184
84.38	23341ca4e4830bee	62944	1161358	8192	32288	29760	0	101087	35184
84.38	23341ca4e4830bee	62944	1161549	8192	32240	29824	0	101087	35184
84.38	23341ca4e4830bee	62944	1161740	8192	32240	29824	0	101087	35184
84.38	23341ca4e4830bee	62944	1161931	8192	32240	29824	0	101093	35184
84.38	23341ca4e4830bee	62944	1162122	8320	32240	29808	0	101089	35088
84.38	23341ca4e4830bee	62944	1162314	8320	32240	29808	0	101089	35088
84.38	23341ca4e4830bee	62944	1162505	8320	32240	29808	0	101087	35088
84.38	23341ca4e4830bee	62944	1162696	8320	32240	29808	0	101093	35088
84.38	23341ca4e4830bee	62928	1162887	8192	32320	29808	0	101087	35136
84.38	23341ca4e4830bee	62928	1163129	8192	32320	29808	0	101087	35136
84.38	23341ca4e4830bee	62928	1163320	8192	32320	29808	0	101087	35136
84.38	23341ca4e4830bee	62928	1163511	8192	32320	29808	0	101079	35200
84.38	23341ca4e4830bee	62944	1163702	8192	32272	29808	0	101095	35200
84.38	23341ca4e4830bee	62944	1163893	8192	32272	29808	0	101093	35200
84.38	23341ca4e4830bee	62944	1164084	8192	32272	29808	0	101091	35200
84.38	23341ca4e4830bee	62944	1164275	8192	32256	29808	0	101079	35136
84.38	23341ca4e4830bee	62944	1164466	8192	32256	29776	0	101089	35136
84.38	23341ca4e4830bee	62944	1164657	8192	32256	29776	0	101079	35136
84.38	23341ca4e4830bee	62944	1164848	8192	32256	29776	0	101079	35136
84.38	23341ca4e4830bee	62928	1165040	8192	32288	29824	0	101087	35120
84.38	23341ca4e4830bee	62928	1165231	8192	32288	29824	0	101093	35120
84.38	23341ca4e4830bee	62928	1165422	8192	32288	29824	0	101087	35120
84.38	23341ca4e4830bee	62928	1165613	8192	32288	29824	0	101089	35120
84.38	23341ca4e4830bee	62928	1165804	8192	32288	29792	0	101079	35168
84.38	23341ca4e4830bee	62928	1165995	8192	32288	29792	0	101093	35168
84.38	23341ca4e4830bee	62928	1166187	8192	32288	29792	0	101085	35168
84.38	23341ca4e4830bee	62928	1166368	8192	32288	29792	0	101085	35168
84.38	23341ca4e4830bee	62928	1166559	8192	32240	29808	0	101089	35184
84.38	23341ca4e4830bee	62928	1166751	8192	32240	29808	0	101089	35184
84.38	23341ca4e4830bee	62928	1166990	8192	32240	29808	0	101083	35184
84.38	23341ca4e4830bee	62928	1167181	8192	32192	29792	0	101083	35136
84.38	23341ca4e4830bee	62928	1167372	8192	32192	29792	0	101089	35136
84.38	23341ca4e4830bee	62928	1167563	8192	32192	29792	0	101087	35136
84.38	23341ca4e4830bee	62928	1167754	8192	32192	29792	0	101083	35136
84.38	23341ca4e4830bee	62928	1167945	8192	32272	29792	0	101085	35184
84.38	23341ca4e4830bee	62928	1168136	8192	32272	29792	0	101079	35184
84.38	23341ca4e4830bee	62928	1168328	8192	32272	29792	0	101085	35184
84.38	23341ca4e4830bee	62928	1168509	8192	32272	29792	0	101079	35184
84.38	23341ca4e4830bee	62928	1168700	8192	32272	29776	0	101087	35136
84.38	23341ca4e4830bee	62928	1168891	8192	32272	29776	0	101085	35136
84.38	23341ca4e4830bee	62928	1169082	8192	32272	29776	0	101081	35136
84.38	23341ca4e4830bee	62928	1169273	8192	32272	29776	0	101085	35136
84.38	23341ca4e4830bee	62928	1169464	8192	32272	29792	0	101083	35168
84.38	23341ca4e4830bee	62928	1169655	8192	32272	29792	0	101083	35168
84.38	23341ca4e4830bee	62928	1169847	8192	32272	29792	0	101087	35168
84.38	23341ca4e4830bee	62928	1170038	8192	32272	29792	0	101085	35184
84.38	23341ca4e4830bee	62928	1170229	8192	32272	29824	0	101087	35184
84.38	23341ca4e4830bee	62928	1170420	8192	32272	29824	0	101079	35184
84.38	23341ca4e4830bee	62928	1170612	8192	32272	29824	0	101091	35184
84.38	23341ca4e4830bee	62928	1170850	8192	32272	29776	0	101081	35200
84.38	23341ca4e4830bee	62928	1171041	8192	32272	29776	0	101087	35200
84.38	23341ca4e4830bee	62928	1171232	8192	32272	29776	0	101095	35200
84.38	23341ca4e4830bee	62928	1171423	8192	32272	29776	0	101095	35200
84.38	23341ca4e4830bee	62928	1171614	8192	32288	29824	0	101107	35152
84.38	23341ca4e4830bee	62928	1171805	8192	32288	29824	0	101089	35152
84.38	23341ca4e4830bee	62928	1171997	8192	32288	29824	0	101091	35152
84.38	23341ca4e4830bee	62928	1172188	8192	32288	29824	0	101089	35152
84.38	23341ca4e4830bee	62928	1172369	8192	32240	29792	0	101087	35152
84.38	23341ca4e4830bee	62928	1172560	8192	32240	29792	0	101095	35152
84.38	23341ca4e4830bee	62928	1172751	8192	32240	29792	0	101083	35152
84.38	23341ca4e4830bee	62928	1172942	8320	32256	29792	0	101087	35104
84.38	23341ca4e4830bee	62928	1173134	8320	32256	29792	0	101077	35104
84.38	23341ca4e4830bee	62928	1173325	8320	32256	29792	0	101089	35104
84.38	23341ca4e4830bee	62928	1173516	8320	32256	29792	0	101081	35104
84.38	23341ca4e4830bee	62928	1173707	8192	32256	29792	0	101087	35136
84.38	23341ca4e4830bee	62928	1173898	8192	32256	29792	0	101095	35136
84.38	23341ca4e4830bee	62928	1174090	8192	32256	29792	0	101075	35136
84.38	23341ca4e4830bee	62928	1174291	8192	32256	29792	0	101079	35136
84.38	23341ca4e4830bee	62928	1174482	8192	32240	29792	0	101085	35200
84.38	23341ca4e4830bee	62928	1174728	8192	32240	29792	0	101085	35200
84.38	23341ca4e4830bee	62928	1174919	8192	32240	29792	0	101091	35200
84.38	23341ca4e4830bee	62928	1175110	8192	32240	29792	0	101093	35168
84.38	23341ca4e4830bee	62928	1175301	8192	32240	29792	0	101089	35168
84.38	23341ca4e4830bee	62928	1175492	8192	32240	29792	0	101081	35168
84.38	23341ca4e4830bee	62928	1175683	8192	32240	29792	0	101095	35168
84.38	23341ca4e4830bee	62928	1175874	8192	32288	29808	0	101081	35136
84.38	23341ca4e4830bee	62928	1176066	8192	32288	29808	0	101081	35136
84.38	23341ca4e4830bee	62928	1176257	8192	32288	29808	0	101081	35136
84.38	23341ca4e4830bee	62928	1176448	8192	32288	29808	0	101081	35136
84.38	23341ca4e4830bee	62944	1176639	8192	32272	29776	0	101095	35136
84.38	23341ca4e4830bee	62944	1176830	8192	32272	29776	0	101091	35136
84.38	23341ca4e4830bee	62944	1177021	8192	32272	29776	0	101079	35136
84.38	23341ca4e4830bee	62944	1177212	8192	32272	29776	0	101091	35136
84.38	23341ca4e4830bee	62944	1177403	8192	32288	29776	0	101085	35152
84.38	23341ca4e4830bee	62944	1177595	8192	32288	29776	0	101087	35152
84.38	23341ca4e4830bee	62944	1177786	8192	32288	29776	0	101087	35152
84.38	23341ca4e4830bee	62928	1177977	8192	32288	29776	0	101083	35152
84.38	23341ca4e4830bee	62928	1178168	8192	32240	29792	0	101083	35152
84.38	23341ca4e4830bee	62928	1178350	8192	32240	29792	0	101085	35152
84.38	23341ca4e4830bee	62928	1178592	8192	32240	29792	0	101081	35152
84.38	23341ca4e4830bee	62928	1178783	8192	32272	29792	0	101091	35184
84.38	23341ca4e4830bee	62928	1178975	8192	32272	29792	0	101087	35184
84.38	23341ca4e4830bee	62928	1179166	8192	32272	29792	0	101079	35184
84.38	23341ca4e4830bee	62928	1179357	8192	32272	29792	0	101083	35184
84.38	23341ca4e4830bee	62928	1179548	8192	32272	29824	0	101081	35136
84.38	23341ca4e4830bee	62928	1179739	8192	32272	29824	0	101075	35136
84.38	23341ca4e4830bee	62928	1179920	8192	32272	29824	0	101079	35136
84.38	23341ca4e4830bee	62928	1180111	8192	32272	29824	0	101077	35136
84.38	23341ca4e4830bee	62928	1180302	8192	32256	29808	0	101081	35152
84.38	23341ca4e4830bee	62928	1180493	8192	32256	29808	0	101083	35152
84.38	23341ca4e4830bee	62928	1180684	8192	32256	29808	0	101085	35152
84.38	23341ca4e4830bee	62928	1180876	8192	32256	29808	0	101083	35184
84.38	23341ca4e4830bee	62928	1181067	8192	32272	29808	0	101083	35184
84.38	23341ca4e4830bee	62928	1181258	8192	32272	29808	0	101077	35184
84.38	23341ca4e4830bee	62928	1181439	8192	32272	29808	0	101083	35184
84.38	23341ca4e4830bee	62928	1181631	8192	32272	29792	0	101079	35184
84.38	23341ca4e4830bee	62928	1181822	8192	32272	29792	0	101089	35184
84.38	23341ca4e4830bee	62928	1182013	8192	32272	29792	0	101089	35184
84.38	23341ca4e4830bee	62928	1182204	8192	32272	29792	0	101083	35184
84.38	23341ca4e4830bee	62944	1182444	8192	32256	29808	0	101083	35136
84.38	23341ca4e4830bee	62944	1182635	8192	32256	29808	0	101089	35136
84.38	23341ca4e4830bee	62944	1182826	8192	32256	29808	0	101085	35136
84.38	23341ca4e4830bee	62944	1183017	8192	32256	29808	0	101089	35120
84.38	23341ca4e4830bee	62944	1183208	8192	32272	29840	0	101079	35120
84.38	23341ca4e4830bee	62944	1183399	8192	32272	29840	0	101091	35120
84.38	23341ca4e4830bee	62944	1183591	8192	32272	29840	0	101079	35120
84.38	23341ca4e4830bee	62944	1183782	8192	32272	29840	0	101095	35152
84.38	23341ca4e4830bee	62944	1183973	8192	32272	29792	0	101089	35152
84.38	23341ca4e4830bee	62944	1184164	8192	32272	29792	0	101099	35152
84.38	23341ca4e4830bee	62944	1184355	8192	32272	29792	0	101087	35152
84.38	23341ca4e4830bee	62944	1184546	8192	32288	29824	0	101095	35152
84.38	23341ca4e4830bee	62944	1184737	8192	32288	29824	0	101095	35152
84.38	23341ca4e4830bee	62944	1184928	8192	32288	29824	0	101083	35152
84.38	23341ca4e4830bee	62944	1185120	8192	32288	29824	0	101085	35152
84.38	23341ca4e4830bee	62944	1185331	8192	32272	29808	0	101085	35168
84.38	23341ca4e4830bee	62944	1185522	8192	32272	29808	0	101077	35168
84.38	23341ca4e4830bee	62944	1185713	8192	32272	29808	0	101095	35168
84.38	23341ca4e4830bee	62944	1185904	8192	32272	29808	0	101089	35184
84.38	23341ca4e4830bee	62944	1186096	8192	32320	29808	0	101085	35184
84.38	23341ca4e4830bee	62944	1186336	8192	32320	29808	0	101089	35184
84.38	23341ca4e4830bee	62944	1186527	8192	32320	29808	0	101087	35184
84.38	23341ca4e4830bee	62944	1186718	8192	32240	29792	0	101087	35120
84.38	23341ca4e4830bee	62944	1186909	8192	32240	29792	0	101089	35120
84.38	23341ca4e4830bee	62944	1187100	8192	32240	29792	0	101077	35120
84.38	23341ca4e4830bee	62944	1187285	8192	32240	29792	0	101079	35120
84.38	23341ca4e4830bee	62928	1187476	8192	32272	29792	0	101085	35120
84.38	23341ca4e4830bee	62928	1187667	8192	32272	29792	0	101083	35120
84.38	23341ca4e4830bee	62928	1187858	8192	32272	29792	0	101091	35120
84.38	23341ca4e4830bee	62928	1188049	8192	32272	29792	0	101079	35120
84.38	23341ca4e4830bee	62944	1188240	8192	32288	29824	0	101089	35152
84.38	23341ca4e4830bee	62944	1188421	8192	32288	29824	0	101081	35152
84.38	23341ca4e4830bee	62944	1188612	8192	32288	29824	0	101089	35152
84.38	23341ca4e4830bee	62944	1188803	8192	32288	29824	0	101083	35168
84.38	23341ca4e4830bee	62928	1188995	8192	32272	29808	0	101083	35168
84.38	23341ca4e4830bee	62928	1189186	8192	32272	29808	0	101083	35168
84.38	23341ca4e4830bee	62928	1189377	8192	32272	29808	0	101083	35168
84.38	23341ca4e4830bee	62944	1189569	8192	32256	29824	0	101079	35168
84.38	23341ca4e4830bee	62944	1189767	8192	32256	29824	0	101077	35168
84.38	23341ca4e4830bee	62944	1189958	8192	32256	29824	0	101083	35168
84.38	23341ca4e4830bee	62944	1190180	8192	32256	29824	0	101079	35168
84.38	23341ca4e4830bee	62944	1190361	8192	32304	29792	0	101079	35040
84.38	23341ca4e4830bee	62944	1190558	8192	32304	29792	0	101085	35040
84.38	23341ca4e4830bee	62944	1190749	8192	32304	29792	0	101089	35040
84.38	23341ca4e4830bee	62944	1190940	8192	32304	29792	0	101085	35040
84.38	23341ca4e4830bee	62944	1191121	8192	32224	29792	0	101083	35168
84.38	23341ca4e4830bee	62944	1191313	8192	32224	29792	0	101077	35168
84.38	23341ca4e4830bee	62944	1191504	8192	32224	29792	0	101085	35168
84.38	23341ca4e4830bee	62944	1191695	8192	32224	29792	0	101079	35152
84.38	23341ca4e4830bee	62944	1191886	8192	32272	29792	0	101095	35152
84.38	23341ca4e4830bee	62944	1192077	8192	32272	29792	0	101083	35152
84.38	23341ca4e4830bee	62944	1192275	8192	32272	29792	0	101077	35152
84.38	23341ca4e4830bee	62944	1192466	8192	32256	29792	0	101089	35184
84.38	23341ca4e4830bee	62944	1192658	8192	32256	29792	0	101083	35184
84.38	23341ca4e4830bee	62944	1192849	8192	32256	29792	0	101093	35184
84.38	23341ca4e4830bee	62944	1193040	8192	32256	29792	0	101091	35184
84.38	23341ca4e4830bee	62928	1193221	8192	32240	29792	0	101075	35152
84.38	23341ca4e4830bee	62928	1193412	8192	32240	29792	0	101077	35152
84.38	23341ca4e4830bee	62928	1193604	8192	32240	29792	0	101079	35152
84.38	23341ca4e4830bee	62928	1193795	8192	32240	29792	0	101087	35152
84.38	23341ca4e4830bee	62944	1194036	8192	32240	29808	0	101083	35184
84.38	23341ca4e4830bee	62944	1194227	8192	32240	29808	0	101087	35184
84.38	23341ca4e4830bee	62944	1194418	8192	32240	29808	0	101093	35184
84.38	23341ca4e4830bee	62928	1194609	8192	32240	29808	0	101083	35168
84.38	23341ca4e4830bee	62928	1194800	8192	32224	29792	0	101079	35168
84.38	23341ca4e4830bee	62928	1194991	8192	32224	29792	0	101087	35168
84.38	23341ca4e4830bee	62928	1195182	8192	32224	29792	0	101077	35168
84.38	23341ca4e4830bee	62944	1195373	8192	32256	29792	0	101081	35088
84.38	23341ca4e4830bee	62944	1195575	8192	32256	29792	0	101079	35088
84.38	23341ca4e4830bee	62944	1195766	8192	32256	29792	0	101087	35088
84.38	23341ca4e4830bee	62944	1195957	8192	32256	29792	0	101089	35088
84.38	23341ca4e4830bee	62944	1196148	8192	32272	29824	0	101083	35104
84.38	23341ca4e4830bee	62944	1196339	8192	32272	29824	0	101083	35104
84.38	23341ca4e4830bee	62944	1196530	8192	32272	29824	0	101087	35104
84.38	23341ca4e4830bee	62944	1196712	8192	32272	29824	0	101083	35104
84.38	23341ca4e4830bee	62944	1196903	8192	32224	29808	0	101087	35120
84.38	23341ca4e4830bee	62944	1197094	8192	32224	29808	0	101089	35120
84.38	23341ca4e4830bee	62944	1197285	8192	32224	29808	0	101083	35120
84.38	23341ca4e4830bee	62928	1197476	8192	32224	29808	0	101083	35200
84.38	23341ca4e4830bee	62928	1197668	8192	32256	29824	0	101083	35200
84.38	23341ca4e4830bee	62928	1197911	8192	32256	29824	0	101093	35200
84.38	23341ca4e4830bee	62928	1198092	8192	32256	29824	0	101083	35200
84.38	23341ca4e4830bee	62928	1198283	8192	32288	29792	0	101085	35168
84.38	23341ca4e4830bee	62928	1198475	8192	32288	29792	0	101085	35168
84.38	23341ca4e4830bee	62928	1198666	8192	32288	29792	0	101083	35168
84.38	23341ca4e4830bee	62928	1198857	8192	32288	29792	0	101083	35168
84.38	23341ca4e4830bee	62944	1199048	8320	32272	29824	0	101089	35168
84.38	23341ca4e4830bee	62944	1199251	8320	32272	29824	0	101089	35168
84.38	23341ca4e4830bee	62944	1199432	8320	32272	29824	0	101085	35168
84.38	23341ca4e4830bee	62944	1199630	8320	32272	29824	0	101077	35168
84.38	23341ca4e4830bee	62944	1199822	8320	32256	29824	0	101083	35184
84.38	23341ca4e4830bee	62944	1200013	8320	32256	29824	0	101089	35184
84.38	23341ca4e4830bee	62944	1200204	8320	32256	29824	0	101083	35184
84.38	23341ca4e4830bee	62944	1200395	8192	32256	29824	0	101085	35152
84.38	23341ca4e4830bee	62944	1200586	8192	32256	29792	0	101083	35152
84.38	23341ca4e4830bee	62944	1200778	8192	32256	29792	0	101083	35152
84.38	23341ca4e4830bee	62944	1200969	8192	32256	29792	0	101079	35152
84.38	23341ca4e4830bee	62944	1201160	8192	32256	29808	0	101089	35184
84.38	23341ca4e4830bee	62944	1201351	8192	32256	29808	0	101083	35184
84.38	23341ca4e4830bee	62944	1201533	8192	32256	29808	0	101083	35184
84.38	23341ca4e4830bee	62944	1201767	8192	32256	29808	0	101075	35184
84.38	23341ca4e4830bee	62944	1201958	8192	32240	29792	0	101091	35136
84.38	23341ca4e4830bee	62944	1202149	8192	32240	29792	0	101087	35136
84.38	23341ca4e4830bee	62944	1202340	8192	32240	29792	0	101083	35136
84.38	23341ca4e4830bee	62944	1202531	8320	32240	29792	0	101073	35168
84.38	23341ca4e4830bee	62944	1202712	8320	32256	29776	0	101081	35168
84.38	23341ca4e4830bee	62944	1202904	8320	32256	29776	0	101087	35168
84.38	23341ca4e4830bee	62944	1203095	8320	32256	29776	0	101083	35168
84.38	23341ca4e4830bee	62944	1203286	8192	32256	29776	0	101087	35152
84.38	23341ca4e4830bee	62944	1203477	8192	32256	29808	0	101083	35152
84.38	23341ca4e4830bee	62944	1203668	8192	32256	29808	0	101077	35152
84.38	23341ca4e4830bee	62944	1203859	8192	32256	29808	0	101089	35152
84.38	23341ca4e4830bee	62944	1204050	8192	32272	29824	0	101087	35136
84.38	23341ca4e4830bee	62944	1204241	8192	32272	29824	0	101083	35136
84.38	23341ca4e4830bee	62944	1204423	8192	32272	29824	0	101079	35136
84.38	23341ca4e4830bee	62944	1204614	8192	32272	29824	0	101085	35136
84.38	23341ca4e4830bee	62992	1204805	8192	32240	29792	1	101083	35168
84.38	23341ca4e4830bee	62992	1204996	8192	32240	29792	1	101077	35168
84.38	23341ca4e4830bee	62992	1205187	8192	32240	29792	1	101079	35168
84.38	23341ca4e4830bee	62992	1205379	8192	32240	29792	1	101081	35168
84.38	23341ca4e4830bee	63712	1205624	8192	32208	29808	1	101073	35136
84.38	23341ca4e4830bee	63712	1205816	8192	32208	29808	1	101077	35136
84.38	23341ca4e4830bee	63712	1206007	8192	32208	29808	1	101083	35136
84.38	23341ca4e4830bee	63184	1206198	8192	32288	29808	0	101091	35168
84.38	23341ca4e4830bee	63184	1206389	8192	32288	29808	0	101079	35168
84.38	23341ca4e4830bee	63184	1206580	8192	32288	29808	0	101087	35168
84.38	23341ca4e4830bee	63184	1206774	8192	32288	29808	0	101083	35168
84.38	23341ca4e4830bee	63760	1206965	8192	32272	29792	0	101083	35184
84.38	23341ca4e4830bee	63760	1207156	8192	32272	29792	1	101095	35184
84.38	23341ca4e4830bee	63760	1207373	8192	32272	29792	1	101085	35184
84.38	23341ca4e4830bee	63760	1207564	8192	32272	29792	1	101083	35184
84.38	23341ca4e4830bee	64096	1207755	8192	32272	29824	0	101083	35168
84.38	23341ca4e4830bee	64096	1207947	8192	32272	29824	1	101089	35168
84.38	23341ca4e4830bee	64096	1208138	8192	32272	29824	1	101089	35168
84.2	23341ca4e4830bee	63840	1208340	8192	32256	29824	1	101079	35168
84.38	23341ca4e4830bee	63840	1208531	8192	32256	29808	1	101093	35168
84.38	23341ca4e4830bee	63840	1208722	8192	32256	29808	1	101089	35168
84.38	23341ca4e4830bee	63840	1208904	8192	32256	29808	1	101089	35168
84.38	23341ca4e4830bee	63904	1209095	8192	32272	29792	1	101091	35088
84.38	23341ca4e4830bee	63904	1209286	8192	32272	29792	1	101091	35088
84.38	23341ca4e4830bee	63904	1209526	8192	32272	29792	1	101091	35088
84.38	23341ca4e4830bee	63904	1209717	8192	32272	29792	1	101087	35088
84.38	23341ca4e4830bee	63952	1209908	8192	32288	29792	1	101083	35184
84.38	23341ca4e4830bee	63952	1210100	8192	32288	29792	1	101085	35184
84.2	23341ca4e4830bee	63952	1210291	8192	32288	29792	1	101091	35184
84.2	23341ca4e4830bee	63904	1210482	8192	32288	29792	0	101091	35120
84.2	23341ca4e4830bee	63904	1210673	8192	32272	29792	1	101085	35120
84.38	23341ca4e4830bee	63904	1210854	8192	32272	29792	1	101091	35120
84.2	23341ca4e4830bee	63904	1211045	8192	32272	29792	1	101079	35120
84.2	23341ca4e4830bee	62864	1211236	8192	32240	29792	1	101083	35184
84.2	23341ca4e4830bee	62864	1211427	8192	32240	29792	1	101091	35184
84.2	23341ca4e4830bee	62864	1211618	8192	32240	29792	1	101079	35184
84.2	23341ca4e4830bee	62864	1211809	8192	32240	29792	1	101089	35184
84.2	23341ca4e4830bee	62832	1212001	8192	32288	29808	0	101083	35152
84.2	23341ca4e4830bee	62832	1212192	8192	32288	29808	1	101077	35152
84.2	23341ca4e4830bee	62832	1212393	8192	32288	29808	1	101083	35152
84.2	23341ca4e4830bee	62832	1212575	8192	32288	29808	1	101085	35152
84.2	23341ca4e4830bee	62880	1212776	8192	32272	29792	1	101083	35136
84.2	23341ca4e4830bee	62880	1212968	8192	32272	29792	1	101089	35136
84.38	23341ca4e4830bee	62880	1213159	8192	32272	29792	1	101089	35136
84.2	23341ca4e4830bee	62816	1213400	8192	32272	29792	0	101083	35168
84.2	23341ca4e4830bee	62816	1213591	8192	32272	29824	1	101077	35168
84.2	23341ca4e4830bee	62816	1213788	8192	32272	29824	1	101085	35168
84.2	23341ca4e4830bee	62816	1213979	8192	32272	29824	1	101083	35168
84.2	23341ca4e4830bee	63216	1214170	8192	32240	29808	1	101083	35168
84.2	23341ca4e4830bee	63216	1214361	8192	32240	29808	1	101083	35168
84.2	23341ca4e4830bee	63216	1214559	8192	32240	29808	1	101085	35168
84.38	23341ca4e4830bee	63216	1214750	8192	32240	29808	1	101083	35168
84.2	23341ca4e4830bee	63440	1214941	8320	32288	29776	1	101083	35152
84.2	23341ca4e4830bee	63440	1215132	8320	32288	29776	0	101089	35152
84.2	23341ca4e4830bee	63440	1215343	8320	32288	29776	1	101083	35152
84.2	23341ca4e4830bee	63440	1215534	8192	32288	29776	1	101083	35168
84.2	23341ca4e4830bee	63280	1215715	8192	32272	29808	1	101091	35168
84.2	23341ca4e4830bee	63280	1215906	8192	32272	29808	1	101089	35168
84.2	23341ca4e4830bee	63280	1216098	8192	32272	29808	0	101089	35168
84.2	23341ca4e4830bee	62880	1216289	8192	32256	29808	1	101079	35184
84.2	23341ca4e4830bee	62880	1216480	8192	32256	29792	0	101085	35184
84.2	23341ca4e4830bee	62880	1216671	8192	32256	29792	1	101091	35184
84.2	23341ca4e4830bee	62880	1216862	8192	32256	29792	1	101085	35184
84.2	23341ca4e4830bee	62800	1217054	8192	32272	29840	0	101079	35136
84.2	23341ca4e4830bee	62800	1217284	8192	32272	29840	1	101091	35136
84.2	23341ca4e4830bee	62800	1217475	8192	32272	29840	1	101089	35136
84.2	23341ca4e4830bee	62800	1217666	8192	32272	29840	1	101085	35136
84.2	23341ca4e4830bee	62800	1217857	8192	32256	29760	1	101083	35184
84.38	23341ca4e4830bee	62800	1218048	8192	32256	29760	1	101085	35184
84.2	23341ca4e4830bee	62800	1218240	8192	32256	29760	0	101073	35184
84.2	23341ca4e4830bee	62800	1218431	8192	32256	29760	0	101085	35168
84.2	23341ca4e4830bee	62800	1218622	8192	32256	29824	1	101085	35168
84.2	23341ca4e4830bee	62800	1218813	8192	32256	29824	0	101085	35168
84.2	23341ca4e4830bee	62800	1219014	8192	32256	29824	1	101083	35168
84.2	23341ca4e4830bee	62832	1219196	8192	32272	29792	1	101077	35120
84.2	23341ca4e4830bee	62832	1219387	8192	32272	29792	1	101081	35120
84.2	23341ca4e4830bee	62832	1219578	8192	32272	29792	1	101085	35120
84.38	23341ca4e4830bee	62832	1219784	8192	32272	29792	1	101085	35120
84.38	23341ca4e4830bee	63152	1219987	8192	32272	29808	1	101089	35136
84.38	23341ca4e4830bee	63152	1220178	8192	32272	29808	1	101089	35136
84.2	23341ca4e4830bee	63152	1220369	8192	32272	29808	1	101085	35136
84.38	23341ca4e4830bee	63152	1220560	8192	32272	29808	1	101089	35136
84.38	23341ca4e4830bee	63232	1220752	8192	32272	29808	1	101085	35168
84.2	23341ca4e4830bee	63232	1220943	8192	32272	29808	1	101085	35168
84.2	23341ca4e4830bee	63232	1221173	8192	32272	29808	1	101079	35168
84.2	23341ca4e4830bee	63216	1221364	8192	32272	29776	1	101077	35168
84.2	23341ca4e4830bee	63216	1221555	8192	32272	29776	0	101077	35168
84.2	23341ca4e4830bee	63216	1221736	8192	32272	29776	1	101081	35168
84.2	23341ca4e4830bee	63216	1221927	8192	32272	29776	1	101085	35168
84.38	23341ca4e4830bee	63744	1222118	8192	32256	29776	1	101081	35136
84.38	23341ca4e4830bee	63744	1222309	8192	32256	29776	1	101083	35136
84.38	23341ca4e4830bee	63744	1222501	8192	32256	29776	1	101083	35136
84.38	23341ca4e4830bee	63744	1222692	8192	32256	29776	1	101083	35136
84.38	23341ca4e4830bee	63824	1222883	8192	32256	29760	1	101095	35152
84.38	23341ca4e4830bee	63824	1223074	8192	32256	29760	1	101089	35152
84.38	23341ca4e4830bee	63824	1223274	8192	32256	29760	1	101081	35152
84.2	23341ca4e4830bee	63824	1223465	8192	32256	29760	1	101081	35152
84.38	23341ca4e4830bee	62848	1223646	8192	32288	29776	1	101089	35168
84.38	23341ca4e4830bee	62848	1223838	8192	32288	29776	1	101087	35168
84.38	23341ca4e4830bee	62848	1224029	8192	32288	29776	1	101095	35168
84.38	23341ca4e4830bee	63168	1224220	8192	32288	29776	0	101085	35168
84.38	23341ca4e4830bee	63168	1224411	8192	32256	29792	1	101085	35168
84.38	23341ca4e4830bee	63168	1224602	8192	32256	29792	1	101085	35168
84.38	23341ca4e4830bee	63168	1224794	8192	32256	29792	0	101081	35168
84.38	23341ca4e4830bee	62944	1225016	8192	32272	29808	1	101087	35152
84.38	23341ca4e4830bee	62944	1225197	8192	32272	29808	1	101089	35152
84.38	23341ca4e4830bee	62944	1225388	8192	32272	29808	1	101083	35152
84.38	23341ca4e4830bee	62944	1225579	8192	32272	29808	1	101083	35152
84.38	23341ca4e4830bee	63888	1225770	8192	32288	29792	1	101083	35136
84.38	23341ca4e4830bee	63888	1225961	8192	32288	29792	1	101093	35136
84.38	23341ca4e4830bee	63888	1226152	8192	32288	29792	1	101087	35136
84.38	23341ca4e4830bee	63888	1226343	8192	32288	29792	1	101091	35136
84.38	23341ca4e4830bee	64144	1226534	8192	32256	29824	0	101081	35184
84.38	23341ca4e4830bee	64144	1226726	8192	32256	29824	1	101083	35184
84.38	23341ca4e4830bee	64144	1226907	8192	32256	29824	1	101089	35184
84.38	23341ca4e4830bee	64144	1227098	8192	32256	29824	1	101083	35184
84.38	23341ca4e4830bee	63424	1227289	8192	32304	29760	1	101083	35184
84.38	23341ca4e4830bee	63424	1227480	8192	32304	29760	1	101089	35184
84.38	23341ca4e4830bee	63424	1227671	8192	32304	29760	0	101089	35184
84.38	23341ca4e4830bee	63312	1227862	8192	32288	29776	1	101083	35168
84.38	23341ca4e4830bee	63312	1228054	8192	32288	29776	1	101083	35168
84.38	23341ca4e4830bee	63312	1228245	8192	32288	29776	1	101081	35168
84.38	23341ca4e4830bee	63312	1228436	8192	32288	29776	1	101087	35168
84.38	23341ca4e4830bee	63008	1228627	8192	32240	29824	1	101085	35168
84.38	23341ca4e4830bee	63008	1228866	8192	32240	29824	1	101091	35168
84.38	23341ca4e4830bee	63008	1229047	8192	32240	29824	1	101095	35168
84.38	23341ca4e4830bee	63008	1229238	8320	32240	29824	0	101083	35168
84.38	23341ca4e4830bee	62992	1229429	8320	32256	29776	1	101087	35136
84.38	23341ca4e4830bee	62992	1229620	8320	32256	29776	1	101085	35136
84.38	23341ca4e4830bee	62992	1229811	8320	32256	29776	1	101083	35136
84.2	23341ca4e4830bee	62992	1230002	8192	32256	29776	1	101085	35120
84.38	23341ca4e4830bee	62992	1230193	8192	32272	29824	1	101085	35120
84.38	23341ca4e4830bee	62992	1230384	8192	32272	29824	1	101095	35120
84.2	23341ca4e4830bee	62992	1230576	8192	32272	29824	1	101083	35120
84.2	23341ca4e4830bee	62992	1230757	8192	32256	29808	0	101079	35152
84.2	23341ca4e4830bee	62992	1230948	8192	32256	29808	0	101083	35152
84.2	23341ca4e4830bee	62992	1231139	8192	32256	29808	0	101077	35152
84.2	23341ca4e4830bee	62992	1231330	8192	32256	29808	0	101089	35152
84.2	23341ca4e4830bee	62992	1231522	8192	32288	29808	0	101083	35200
84.2	23341ca4e4830bee	62992	1231713	8192	32288	29808	0	101081	35200
84.2	23341ca4e4830bee	62992	1231904	8192	32288	29808	0	101081	35200
84.2	23341ca4e4830bee	62992	1232095	8192	32288	29808	0	101083	35200
84.2	23341ca4e4830bee	62992	1232297	8192	32272	29776	0	101083	35120
84.2	23341ca4e4830bee	62992	1232489	8192	32272	29776	0	101085	35120
84.2	23341ca4e4830bee	62992	1232729	8192	32272	29776	0	101095	35120
84.2	23341ca4e4830bee	62992	1232920	8192	32240	29776	0	101079	35136
84.2	23341ca4e4830bee	62992	1233111	8192	32240	29792	0	101085	35136
84.2	23341ca4e4830bee	62992	1233302	8192	32240	29792	0	101075	35136
84.2	23341ca4e4830bee	62992	1233493	8192	32240	29792	0	101093	35136
84.2	23341ca4e4830bee	62992	1233684	8192	32272	29792	0	101069	35136
84.2	23341ca4e4830bee	62992	1233875	8192	32272	29792	0	101085	35136
84.2	23341ca4e4830bee	62992	1234067	8192	32272	29792	0	101075	35136
84.2	23341ca4e4830bee	62992	1234248	8192	32272	29792	0	101081	35136
84.2	23341ca4e4830bee	62992	1234439	8192	32320	29792	0	101085	35168
84.2	23341ca4e4830bee	62992	1234630	8192	32320	29792	0	101081	35168
84.2	23341ca4e4830bee	62992	1234821	8192	32320	29792	0	101079	35168
84.2	23341ca4e4830bee	62992	1235013	8192	32320	29792	0	101079	35168
84.2	23341ca4e4830bee	62992	1235204	8192	32272	29808	0	101085	35136
84.2	23341ca4e4830bee	62992	1235395	8192	32272	29808	0	101085	35136
84.2	23341ca4e4830bee	62992	1235586	8192	32272	29808	0	101085	35136
84.2	23341ca4e4830bee	62992	1235767	8192	32272	29808	0	101079	35152
84.2	23341ca4e4830bee	62992	1235959	8192	32304	29792	0	101091	35152
84.2	23341ca4e4830bee	62992	1236150	8192	32304	29792	0	101085	35152
84.2	23341ca4e4830bee	62992	1236341	8192	32304	29792	0	101093	35152
84.2	23341ca4e4830bee	62992	1236580	8192	32256	29776	0	101075	35184
84.2	23341ca4e4830bee	62992	1236771	8192	32256	29776	0	101085	35184
84.2	23341ca4e4830bee	62992	1236962	8192	32256	29776	0	101081	35184
84.2	23341ca4e4830bee	62992	1237154	8192	32256	29776	0	101081	35184
84.2	23341ca4e4830bee	62992	1237345	8192	32288	29792	0	101079	35104
84.2	23341ca4e4830bee	62992	1237536	8192	32288	29792	0	101081	35104
84.2	23341ca4e4830bee	62992	1237727	8192	32288	29792	0	101091	35104
84.2	23341ca4e4830bee	62992	1237908	8192	32288	29792	0	101085	35104
84.2	23341ca4e4830bee	62992	1238099	8192	32272	29792	0	101091	35136
84.2	23341ca4e4830bee	62992	1238290	8192	32272	29792	0	101087	35136
84.2	23341ca4e4830bee	62992	1238481	8192	32272	29792	0	101091	35136
84.2	23341ca4e4830bee	62992	1238672	8192	32272	29792	0	101085	35200
84.2	23341ca4e4830bee	62992	1238863	8192	32256	29792	0	101085	35200
84.2	23341ca4e4830bee	62992	1239055	8192	32256	29792	0	101089	35200
84.2	23341ca4e4830bee	62992	1239246	8192	32256	29792	0	101091	35200
84.2	23341ca4e4830bee	62992	1239437	8192	32304	29776	0	101085	35136
84.2	23341ca4e4830bee	62992	1239618	8192	32304	29776	0	101091	35136
84.2	23341ca4e4830bee	62992	1239809	8192	32304	29776	0	101087	35136
84.2	23341ca4e4830bee	62992	1240001	8192	32304	29776	0	101079	35136
84.2	23341ca4e4830bee	62992	1240192	8192	32288	29808	0	101081	35184
84.2	23341ca4e4830bee	62992	1240433	8192	32288	29808	0	101087	35184
84.2	23341ca4e4830bee	62992	1240624	8192	32288	29808	0	101091	35184
84.2	23341ca4e4830bee	62992	1240815	8192	32288	29808	0	101091	35184
84.2	23341ca4e4830bee	62992	1241006	8192	32272	29840	0	101081	35168
84.2	23341ca4e4830bee	62992	1241197	8192	32272	29840	0	101083	35168
84.2	23341ca4e4830bee	62992	1241379	8192	32272	29840	0	101087	35168
84.2	23341ca4e4830bee	63168	1241570	8192	32272	29840	0	101075	35104
84.2	23341ca4e4830bee	63168	1241761	8192	32272	29808	0	101083	35104
84.2	23341ca4e4830bee	63168	1241952	8192	32272	29808	1	101095	35104
84.2	23341ca4e4830bee	63168	1242143	8192	32272	29808	1	101081	35104
84.2	23341ca4e4830bee	63184	1242334	8192	32272	29808	1	101085	35168
84.2	23341ca4e4830bee	63184	1242526	8192	32272	29808	1	101081	35168
84.2	23341ca4e4830bee	63184	1242717	8192	32272	29808	1	101091	35168
84.2	23341ca4e4830bee	63184	1242908	8192	32272	29808	1	101085	35168
84.2	23341ca4e4830bee	62976	1243099	8192	32272	29808	1	101081	35152
84.2	23341ca4e4830bee	62976	1243290	8192	32272	29808	1	101087	35152
84.2	23341ca4e4830bee	62976	1243481	8192	32272	29808	1	101075	35152
84.2	23341ca4e4830bee	62976	1243673	8192	32272	29808	1	101093	35152
84.2	23341ca4e4830bee	62976	1243864	8192	32272	29792	1	101081	35200
84.2	23341ca4e4830bee	62976	1244055	8192	32272	29792	0	101079	35200
84.2	23341ca4e4830bee	62976	1244284	8192	32272	29792	0	101079	35200
84.2	23341ca4e4830bee	62960	1244475	8192	32288	29792	0	101085	35136
84.2	23341ca4e4830bee	62960	1244666	8192	32288	29776	0	101083	35136
84.2	23341ca4e4830bee	62960	1244857	8192	32288	29776	0	101085	35136
84.2	23341ca4e4830bee	62960	1245048	8192	32288	29776	0	101079	35136
84.2	23341ca4e4830bee	62960	1245239	8192	32288	29808	0	101083	35136
84.2	23341ca4e4830bee	62960	1245430	8192	32288	29808	0	101089	35136
84.2	23341ca4e4830bee	62960	1245621	8192	32288	29808	0	101085	35136
84.2	23341ca4e4830bee	62960	1245812	8192	32288	29808	0	101081	35136
84.2	23341ca4e4830bee	62960	1246004	8192	32288	29776	0	101081	35152
84.2	23341ca4e4830bee	62960	1246195	8192	32288	29776	0	101085	35152
84.2	23341ca4e4830bee	62960	1246386	8192	32288	29776	0	101075	35152
84.2	23341ca4e4830bee	62960	1246577	8192	32288	29776	0	101077	35152
84.2	23341ca4e4830bee	62960	1246758	8192	32288	29792	0	101083	35104
84.2	23341ca4e4830bee	62960	1246950	8192	32288	29792	0	101085	35104
84.2	23341ca4e4830bee	62960	1247141	8192	32288	29792	0	101077	35104
84.2	23341ca4e4830bee	62960	1247332	8192	32288	29792	0	101081	35152
84.2	23341ca4e4830bee	62960	1247523	8192	32256	29840	0	101081	35152
84.2	23341ca4e4830bee	62960	1247714	8192	32256	29840	0	101085	35152
84.2	23341ca4e4830bee	62960	1247906	8192	32256	29840	0	101081	35152
84.2	23341ca4e4830bee	62960	1248141	8192	32288	29824	0	101075	35184
84.2	23341ca4e4830bee	62960	1248333	8192	32288	29824	0	101081	35184
84.2	23341ca4e4830bee	62960	1248524	8192	32288	29824	0	101081	35184
84.2	23341ca4e4830bee	62960	1248715	8192	32288	29824	0	101089	35184
84.2	23341ca4e4830bee	62960	1248906	8192	32272	29824	0	101069	35152
84.2	23341ca4e4830bee	62960	1249097	8192	32272	29824	0	101081	35152
84.2	23341ca4e4830bee	62960	1249291	8192	32272	29824	0	101095	35152
84.2	23341ca4e4830bee	62960	1249482	8192	32272	29824	0	101089	35152
84.2	23341ca4e4830bee	62960	1249673	8192	32288	29824	0	101081	35168
84.2	23341ca4e4830bee	62960	1249864	8192	32288	29824	0	101077	35168
84.2	23341ca4e4830bee	62960	1250055	8192	32288	29824	0	101081	35168
84.2	23341ca4e4830bee	62960	1250246	8192	32288	29824	0	101081	35136
84.2	23341ca4e4830bee	62960	1250438	8192	32272	29840	0	101077	35136
84.2	23341ca4e4830bee	62960	1250619	8192	32272	29840	0	101087	35136
84.2	23341ca4e4830bee	62960	1250810	8192	32272	29840	0	101081	35136
84.2	23341ca4e4830bee	62960	1251001	8192	32240	29792	0	101081	35120
84.2	23341ca4e4830bee	62960	1251192	8192	32240	29792	0	101077	35120
84.2	23341ca4e4830bee	62960	1251384	8192	32240	29792	0	101075	35120
84.2	23341ca4e4830bee	62960	1251575	8192	32240	29792	0	101083	35120
84.2	23341ca4e4830bee	62960	1251766	8192	32272	29776	0	101075	35120
84.2	23341ca4e4830bee	62960	1251999	8192	32272	29776	0	101075	35120
84.2	23341ca4e4830bee	62960	1252180	8192	32272	29776	0	101089	35120
84.2	23341ca4e4830bee	62960	1252371	8192	32272	29776	0	101081	35120
84.2	23341ca4e4830bee	62960	1252562	8192	32272	29808	0	101081	35184
84.2	23341ca4e4830bee	62960	1252753	8192	32272	29808	0	101083	35184
84.2	23341ca4e4830bee	62960	1252944	8192	32272	29808	0	101083	35184
84.2	23341ca4e4830bee	62960	1253135	8192	32272	29808	0	101081	35152
84.2	23341ca4e4830bee	62960	1253327	8192	32224	29824	0	101085	35152
84.2	23341ca4e4830bee	62960	1253518	8192	32224	29824	0	101089	35152
84.2	23341ca4e4830bee	62960	1253699	8192	32224	29824	0	101085	35152
84.2	23341ca4e4830bee	62960	1253890	8192	32288	29840	0	101081	35184
84.2	23341ca4e4830bee	62960	1254081	8192	32288	29840	0	101083	35184
84.2	23341ca4e4830bee	62960	1254281	8192	32288	29840	0	101081	35184
84.2	23341ca4e4830bee	62960	1254472	8192	32288	29840	0	101083	35184
84.2	23341ca4e4830bee	62960	1254664	8192	32240	29824	0	101085	35184
84.2	23341ca4e4830bee	62960	1254855	8192	32240	29824	0	101075	35184
84.2	23341ca4e4830bee	62960	1255046	8192	32240	29824	0	101089	35184
84.2	23341ca4e4830bee	62960	1255237	8192	32240	29824	0	101081	35184
84.2	23341ca4e4830bee	62960	1255428	8192	32256	29776	0	101085	35120
84.2	23341ca4e4830bee	62960	1255610	8192	32256	29776	0	101089	35120
84.2	23341ca4e4830bee	62960	1255863	8192	32256	29776	0	101085	35120
84.2	23341ca4e4830bee	62960	1256054	8320	32272	29776	0	101081	35152
84.2	23341ca4e4830bee	62960	1256245	8320	32272	29776	0	101085	35152
84.2	23341ca4e4830bee	62960	1256436	8320	32272	29776	0	101091	35152
84.2	23341ca4e4830bee	62960	1256627	8320	32272	29776	0	101085	35152
84.2	23341ca4e4830bee	62960	1256818	8192	32240	29792	0	101085	35184
84.2	23341ca4e4830bee	62960	1257009	8192	32240	29792	0	101081	35184
84.2	23341ca4e4830bee	62960	1257190	8192	32240	29792	0	101085	35184
84.2	23341ca4e4830bee	62960	1257381	8192	32240	29792	0	101091	35184
84.2	23341ca4e4830bee	62960	1257573	8192	32288	29856	0	101085	35120
84.2	23341ca4e4830bee	62960	1257764	8192	32288	29856	0	101081	35120
84.2	23341ca4e4830bee	62960	1257955	8192	32288	29856	0	101085	35120
84.2	23341ca4e4830bee	62960	1258146	8192	32288	29856	0	101089	35120
84.2	23341ca4e4830bee	62960	1258337	8192	32256	29824	0	101081	35168
84.2	23341ca4e4830bee	62960	1258528	8192	32256	29824	0	101083	35168
84.2	23341ca4e4830bee	62960	1258719	8192	32256	29824	0	101075	35168
84.2	23341ca4e4830bee	62960	1258911	8192	32256	29824	0	101085	35152
84.2	23341ca4e4830bee	62960	1259102	8192	32272	29824	0	101093	35152
84.2	23341ca4e4830bee	62960	1259293	8192	32272	29824	0	101081	35152
84.2	23341ca4e4830bee	62960	1259484	8192	32272	29824	0	101081	35152
84.2	23341ca4e4830bee	62960	1259731	8192	32288	29824	0	101077	35152
84.2	23341ca4e4830bee	62960	1259922	8192	32288	29824	0	101085	35152
84.2	23341ca4e4830bee	62960	1260113	8192	32288	29824	0	101081	35152
84.2	23341ca4e4830bee	62960	1260324	8192	32288	29824	0	101081	35152
84.2	23341ca4e4830bee	62960	1260515	8192	32304	29840	0	101077	35120
84.2	23341ca4e4830bee	62960	1260706	8192	32304	29840	0	101081	35120
84.2	23341ca4e4830bee	62960	1260904	8192	32304	29840	0	101081	35120
84.2	23341ca4e4830bee	62960	1261095	8192	32288	29840	0	101081	35200
84.2	23341ca4e4830bee	62960	1261287	8192	32288	29792	0	101081	35200
84.2	23341ca4e4830bee	62960	1261478	8192	32288	29792	0	101083	35200
84.2	23341ca4e4830bee	62960	1261669	8192	32288	29792	0	101085	35200
84.2	23341ca4e4830bee	62960	1261860	8192	32256	29776	0	101081	35136
84.2	23341ca4e4830bee	62960	1262041	8192	32256	29776	0	101083	35136
84.2	23341ca4e4830bee	62960	1262232	8192	32256	29776	0	101085	35136
84.2	23341ca4e4830bee	62960	1262423	8192	32256	29776	0	101089	35136
84.2	23341ca4e4830bee	62960	1262615	8192	32272	29776	0	101095	35168
84.2	23341ca4e4830bee	62960	1262806	8192	32272	29776	0	101077	35168
84.2	23341ca4e4830bee	62960	1262997	8192	32272	29776	0	101095	35168
84.2	23341ca4e4830bee	62960	1263188	8192	32272	29776	0	101103	35168
84.2	23341ca4e4830bee	62960	1263379	8192	32256	29808	0	101083	35104
84.2	23341ca4e4830bee	62960	1263610	8192	32256	29808	0	101081	35104
84.2	23341ca4e4830bee	62960	1263801	8192	32256	29808	0	101087	35104
84.2	23341ca4e4830bee	62960	1263992	8192	32272	29808	0	101083	35152
84.2	23341ca4e4830bee	62960	1264183	8192	32272	29808	0	101083	35152
84.2	23341ca4e4830bee	62960	1264374	8192	32272	29808	0	101081	35152
84.2	23341ca4e4830bee	62960	1264565	8192	32272	29808	0	101081	35152
84.2	23341ca4e4830bee	62960	1264756	8192	32272	29792	0	101085	35136
84.2	23341ca4e4830bee	62960	1264947	8192	32272	29792	0	101083	35136
84.2	23341ca4e4830bee	62960	1265138	8192	32272	29792	0	101083	35136
84.2	23341ca4e4830bee	62960	1265330	8192	32272	29792	0	101083	35136
84.2	23341ca4e4830bee	62960	1265511	8192	32272	29808	0	101085	35152
84.2	23341ca4e4830bee	62960	1265702	8192	32272	29808	0	101091	35152
84.2	23341ca4e4830bee	62960	1265893	8192	32272	29808	0	101081	35152
84.2	23341ca4e4830bee	62960	1266085	8192	32272	29808	0	101083	35152
84.2	23341ca4e4830bee	62960	1266276	8192	32240	29824	0	101089	35152
84.2	23341ca4e4830bee	62960	1266467	8192	32240	29824	0	101079	35152
84.2	23341ca4e4830bee	62960	1266658	8192	32240	29824	0	101081	35152
84.2	23341ca4e4830bee	62960	1266849	8192	32240	29824	0	101085	35120
84.2	23341ca4e4830bee	62960	1267041	8192	32240	29808	0	101085	35120
84.2	23341ca4e4830bee	62960	1267232	8192	32240	29808	0	101091	35120
84.2	23341ca4e4830bee	62960	1267474	8192	32240	29808	0	101081	35120
84.2	23341ca4e4830bee	62960	1267665	8192	32288	29792	0	101085	35152
84.2	23341ca4e4830bee	62960	1267856	8192	32288	29792	0	101083	35152
84.2	23341ca4e4830bee	62960	1268047	8192	32288	29792	0	101085	35152
84.2	23341ca4e4830bee	62960	1268238	8192	32288	29792	0	101091	35152
84.2	23341ca4e4830bee	62960	1268429	8192	32288	29824	0	101079	35136
84.2	23341ca4e4830bee	62960	1268620	8192	32288	29824	0	101085	35136
84.2	23341ca4e4830bee	62960	1268801	8192	32288	29824	0	101081	35136
84.2	23341ca4e4830bee	62960	1268993	8192	32288	29824	0	101087	35136
84.2	23341ca4e4830bee	62960	1269184	8192	32272	29792	0	101099	35104
84.2	23341ca4e4830bee	62960	1269375	8192	32272	29792	0	101099	35104
84.2	23341ca4e4830bee	62960	1269566	8192	32272	29792	0	101087	35104
84.2	23341ca4e4830bee	62960	1269757	8192	32272	29792	0	101085	35120
84.2	23341ca4e4830bee	62960	1269948	8192	32256	29808	0	101085	35120
84.2	23341ca4e4830bee	62960	1270139	8192	32256	29808	0	101085	35120
84.2	23341ca4e4830bee	62960	1270331	8192	32256	29808	0	101085	35120
84.2	23341ca4e4830bee	62960	1270523	8192	32256	29824	0	101087	35152
84.2	23341ca4e4830bee	62960	1270714	8192	32256	29824	0	101087	35152
84.2	23341ca4e4830bee	62960	1270905	8192	32256	29824	0	101085	35152
84.2	23341ca4e4830bee	62960	1271096	8192	32256	29824	0	101085	35152
84.2	23341ca4e4830bee	62960	1271338	8192	32272	29808	0	101091	35168
84.2	23341ca4e4830bee	62960	1271529	8192	32272	29808	0	101091	35168
84.2	23341ca4e4830bee	62960	1271720	8192	32272	29808	0	101093	35168
84.2	23341ca4e4830bee	62960	1271911	8192	32272	29808	0	101099	35152
84.2	23341ca4e4830bee	62960	1272102	8192	32272	29792	0	101091	35152
84.2	23341ca4e4830bee	62960	1272294	8192	32272	29792	0	101081	35152
84.2	23341ca4e4830bee	62960	1272485	8192	32272	29792	0	101087	35152
84.2	23341ca4e4830bee	62960	1272676	8192	32272	29808	0	101089	35168
84.2	23341ca4e4830bee	62960	1272867	8192	32272	29808	0	101081	35168
84.2	23341ca4e4830bee	62960	1273058	8192	32272	29808	0	101087	35168
84.2	23341ca4e4830bee	62960	1273249	8192	32272	29808	0	101085	35168
84.2	23341ca4e4830bee	62960	1273440	8192	32240	29824	0	101081	35200
84.2	23341ca4e4830bee	62960	1273631	8192	32240	29824	0	101079	35200
84.2	23341ca4e4830bee	62960	1273822	8192	32240	29824	0	101083	35200
84.2	23341ca4e4830bee	62960	1274014	8192	32240	29824	0	101081	35200
84.2	23341ca4e4830bee	62976	1274205	8192	32304	29792	0	101089	35168
84.2	23341ca4e4830bee	62976	1274396	8192	32304	29792	0	101085	35168
84.2	23341ca4e4830bee	62976	1274587	8192	32304	29792	0	101085	35168
84.2	23341ca4e4830bee	62976	1274778	8192	32304	29792	0	101081	35136
84.2	23341ca4e4830bee	62976	1274970	8192	32304	29808	0	101075	35136
84.2	23341ca4e4830bee	62976	1275200	8192	32304	29808	0	101083	35136
84.2	23341ca4e4830bee	62976	1275391	8192	32304	29808	0	101081	35136
84.2	23341ca4e4830bee	62960	1275582	8192	32288	29808	0	101085	35168
84.2	23341ca4e4830bee	62960	1275773	8192	32288	29808	0	101075	35168
84.2	23341ca4e4830bee	62960	1275964	8192	32288	29808	0	101081	35168
84.2	23341ca4e4830bee	62960	1276155	8192	32288	29808	0	101081	35168
84.2	23341ca4e4830bee	62960	1276346	8320	32272	29760	0	101081	35168
84.2	23341ca4e4830bee	62960	1276538	8320	32272	29760	0	101087	35168
84.2	23341ca4e4830bee	62960	1276729	8320	32272	29760	0	101089	35168
84.2	23341ca4e4830bee	62960	1276920	8192	32272	29760	0	101089	35168
84.2	23341ca4e4830bee	62960	1277111	8192	32256	29808	0	101085	35168
84.2	23341ca4e4830bee	62960	1277292	8192	32256	29808	0	101081	35168
84.2	23341ca4e4830bee	62960	1277483	8192	32256	29808	0	101083	35168
84.2	23341ca4e4830bee	62960	1277674	8192	32256	29808	0	101075	35184
84.2	23341ca4e4830bee	62960	1277865	8192	32240	29808	0	101087	35184
84.2	23341ca4e4830bee	62960	1278057	8192	32240	29808	0	101085	35184
84.2	23341ca4e4830bee	62960	1278248	8192	32240	29808	0	101085	35184
84.2	23341ca4e4830bee	62960	1278439	8192	32288	29808	0	101083	35184
84.2	23341ca4e4830bee	62960	1278630	8192	32288	29776	0	101089	35184
84.2	23341ca4e4830bee	62960	1278822	8192	32288	29776	0	101083	35184
84.2	23341ca4e4830bee	62960	1279054	8192	32288	29776	0	101083	35184
84.2	23341ca4e4830bee	62960	1279245	8192	32256	29824	0	101075	35136
84.2	23341ca4e4830bee	62960	1279436	8192	32256	29824	0	101081	35136
84.2	23341ca4e4830bee	62960	1279627	8192	32256	29824	0	101083	35136
84.2	23341ca4e4830bee	62960	1279843	8192	32256	29824	0	101069	35136
84.2	23341ca4e4830bee	62960	1280034	8192	32240	29776	0	101089	35136
84.2	23341ca4e4830bee	62960	1280225	8192	32240	29776	0	101089	35136
84.2	23341ca4e4830bee	62960	1280416	8192	32240	29776	0	101075	35136
84.2	23341ca4e4830bee	62960	1280607	8192	32256	29760	0	101089	35088
84.2	23341ca4e4830bee	62960	1280798	8192	32256	29760	0	101089	35088
84.2	23341ca4e4830bee	62960	1280989	8192	32256	29760	0	101083	35088
84.2	23341ca4e4830bee	62960	1281180	8192	32256	29760	0	101087	35088
84.2	23341ca4e4830bee	62960	1281372	8192	32288	29808	0	101083	35024
84.2	23341ca4e4830bee	62960	1281553	8192	32288	29808	0	101083	35024
84.2	23341ca4e4830bee	62960	1281744	8192	32288	29808	0	101085	35024
84.2	23341ca4e4830bee	62960	1281935	8192	32288	29808	0	101091	35024
84.2	23341ca4e4830bee	62960	1282126	8320	32304	29824	0	101095	35184
84.2	23341ca4e4830bee	62960	1282320	8320	32304	29824	0	101089	35184
84.2	23341ca4e4830bee	62960	1282512	8320	32304	29824	0	101083	35184
84.2	23341ca4e4830bee	62960	1282693	8320	32304	29824	0	101089	35184
84.2	23341ca4e4830bee	62960	1282922	8320	32288	29792	0	101089	35152
84.2	23341ca4e4830bee	62960	1283103	8320	32288	29792	0	101089	35152
84.2	23341ca4e4830bee	62960	1283294	8320	32288	29792	0	101095	35152
84.2	23341ca4e4830bee	62960	1283485	8192	32256	29792	0	101083	35168
84.2	23341ca4e4830bee	62960	1283677	8192	32256	29792	0	101089	35168
84.2	23341ca4e4830bee	62960	1283868	8192	32256	29792	0	101083	35168
84.2	23341ca4e4830bee	62960	1284059	8192	32256	29792	0	101083	35168
84.2	23341ca4e4830bee	62960	1284250	8192	32288	29792	0	101083	35184
84.2	23341ca4e4830bee	62960	1284441	8192	32288	29792	0	101083	35184
84.2	23341ca4e4830bee	62960	1284632	8192	32288	29792	0	101083	35184
84.2	23341ca4e4830bee	62960	1284813	8192	32288	29792	0	101085	35184
84.2	23341ca4e4830bee	62960	1285004	8192	32240	29808	0	101083	35136
84.2	23341ca4e4830bee	62960	1285195	8192	32240	29808	0	101085	35136
84.2	23341ca4e4830bee	62960	1285387	8192	32240	29808	0	101083	35136
84.2	23341ca4e4830bee	62960	1285578	8192	32240	29808	0	101089	35136
84.2	23341ca4e4830bee	62960	1285769	8192	32272	29776	0	101083	35168
84.2	23341ca4e4830bee	62960	1285960	8192	32272	29776	0	101085	35168
84.2	23341ca4e4830bee	62960	1286152	8192	32272	29776	0	101079	35168
84.2	23341ca4e4830bee	62960	1286343	8192	32272	29776	0	101091	35136
84.2	23341ca4e4830bee	62960	1286534	8192	32272	29792	0	101077	35136
84.38	23341ca4e4830bee	62960	1286764	8192	32272	29792	0	101085	35136
84.2	23341ca4e4830bee	62960	1286955	8192	32272	29792	0	101083	35136
84.2	23341ca4e4830bee	62960	1287146	8192	32272	29824	0	101095	35152
84.38	23341ca4e4830bee	62960	1287337	8192	32272	29824	0	101091	35152
84.2	23341ca4e4830bee	62960	1287528	8192	32272	29824	0	101085	35152
84.2	23341ca4e4830bee	62960	1287719	8192	32272	29824	0	101083	35152
84.2	23341ca4e4830bee	62960	1287910	8192	32288	29808	0	101081	35136
84.2	23341ca4e4830bee	62960	1288101	8192	32288	29808	0	101083	35136
84.2	23341ca4e4830bee	62960	1288292	8192	32288	29808	0	101077	35136
84.2	23341ca4e4830bee	62960	1288473	8192	32288	29808	0	101079	35136
84.38	23341ca4e4830bee	62960	1288664	8192	32256	29840	0	101091	35104
84.2	23341ca4e4830bee	62960	1288856	8192	32256	29840	0	101077	35104
84.2	23341ca4e4830bee	62960	1289047	8192	32256	29840	0	101089	35104
84.38	23341ca4e4830bee	62960	1289238	8192	32256	29840	0	101085	35184
84.38	23341ca4e4830bee	62960	1289429	8192	32224	29840	0	101085	35184
84.38	23341ca4e4830bee	62960	1289620	8192	32224	29840	0	101081	35184
84.2	23341ca4e4830bee	62960	1289812	8192	32224	29840	0	101083	35184
84.2	23341ca4e4830bee	62960	1290003	8192	32272	29792	0	101083	35168
84.38	23341ca4e4830bee	62960	1290184	8192	32272	29792	0	101081	35168
84.38	23341ca4e4830bee	62960	1290375	8192	32272	29792	0	101085	35168
84.38	23341ca4e4830bee	62960	1290618	8192	32272	29792	0	101085	35168
84.38	23341ca4e4830bee	62960	1290809	8192	32272	29808	0	101085	35152
84.38	23341ca4e4830bee	62960	1291001	8192	32272	29808	0	101083	35152
84.2	23341ca4e4830bee	62960	1291192	8192	32272	29808	0	101077	35152
84.38	23341ca4e4830bee	62960	1291383	8320	32272	29808	0	101085	35152
84.38	23341ca4e4830bee	62960	1291564	8320	32272	29760	0	101087	35200
84.38	23341ca4e4830bee	62960	1291755	8320	32272	29760	0	101089	35200
84.38	23341ca4e4830bee	62960	1291946	8320	32272	29760	0	101081	35200
84.38	23341ca4e4830bee	62960	1292137	8320	32272	29760	0	101087	35168
84.38	23341ca4e4830bee	62960	1292329	8320	32256	29808	0	101083	35168
84.38	23341ca4e4830bee	62960	1292520	8320	32256	29808	0	101077	35168
84.38	23341ca4e4830bee	62960	1292711	8320	32256	29808	0	101083	35168
84.38	23341ca4e4830bee	62960	1292902	8192	32272	29824	0	101077	35168
84.38	23341ca4e4830bee	62960	1293093	8192	32272	29824	0	101081	35168
84.38	23341ca4e4830bee	62960	1293275	8192	32272	29824	0	101081	35168
84.38	23341ca4e4830bee	62960	1293466	8192	32272	29824	0	101077	35168
84.38	23341ca4e4830bee	62960	1293657	8192	32288	29808	0	101077	35184
84.38	23341ca4e4830bee	62960	1293848	8192	32288	29808	0	101083	35184
84.38	23341ca4e4830bee	62960	1294039	8192	32288	29808	0	101087	35184
84.2	23341ca4e4830bee	62960	1294231	8192	32288	29808	0	101085	35184
84.38	23341ca4e4830bee	62960	1294464	8192	32256	29808	0	101085	35104
84.38	23341ca4e4830bee	62960	1294655	8192	32256	29808	0	101089	35104
84.38	23341ca4e4830bee	62960	1294846	8192	32256	29808	0	101083	35104
84.38	23341ca4e4830bee	62960	1295037	8192	32256	29808	0	101085	35104
84.38	23341ca4e4830bee	62960	1295228	8192	32304	29792	0	101089	35104
84.38	23341ca4e4830bee	62960	1295420	8192	32304	29792	0	101091	35104
84.38	23341ca4e4830bee	62960	1295611	8192	32304	29792	0	101081	35104
84.38	23341ca4e4830bee	62960	1295802	8192	32272	29776	0	101085	35168
84.38	23341ca4e4830bee	62960	1295993	8192	32272	29776	0	101091	35168
84.38	23341ca4e4830bee	62960	1296184	8192	32272	29776	0	101077	35168
84.38	23341ca4e4830bee	62960	1296375	8192	32272	29776	0	101083	35168
84.38	23341ca4e4830bee	62960	1296566	8192	32240	29824	0	101087	35136
84.38	23341ca4e4830bee	62960	1296757	8192	32240	29824	0	101089	35136
84.38	23341ca4e4830bee	62960	1296949	8192	32240	29824	0	101077	35136
84.38	23341ca4e4830bee	62960	1297140	8320	32240	29824	0	101089	35136
84.38	23341ca4e4830bee	62960	1297332	8320	32256	29760	0	101089	35152
84.38	23341ca4e4830bee	62960	1297523	8320	32256	29760	0	101083	35152
84.38	23341ca4e4830bee	62960	1297714	8320	32256	29760	0	101085	35152
84.38	23341ca4e4830bee	62960	1297905	8192	32256	29760	0	101087	35136
84.38	23341ca4e4830bee	62960	1298096	8192	32272	29808	0	101081	35136
84.38	23341ca4e4830bee	62960	1298338	8192	32272	29808	0	101091	35136
84.38	23341ca4e4830bee	62960	1298529	8192	32272	29808	0	101087	35136
84.38	23341ca4e4830bee	62960	1298720	8320	32256	29840	0	101081	35136
84.38	23341ca4e4830bee	62960	1298911	8320	32256	29840	0	101087	35136
84.38	23341ca4e4830bee	62960	1299102	8320	32256	29840	0	101083	35136
84.38	23341ca4e4830bee	62960	1299293	8320	32256	29840	0	101087	35136
84.38	23341ca4e4830bee	62960	1299475	8192	32288	29792	0	101081	35168
84.38	23341ca4e4830bee	62960	1299666	8192	32288	29792	0	101085	35168
84.38	23341ca4e4830bee	62960	1299857	8192	32288	29792	0	101085	35168
84.38	23341ca4e4830bee	62960	1300048	8192	32288	29792	0	101089	35168
84.38	23341ca4e4830bee	62960	1300239	8192	32272	29808	0	101085	35168
84.38	23341ca4e4830bee	62960	1300430	8192	32272	29808	0	101095	35168
84.38	23341ca4e4830bee	62960	1300621	8192	32272	29808	0	101085	35168
84.38	23341ca4e4830bee	62960	1300812	8192	32272	29808	0	101083	35152
84.38	23341ca4e4830bee	62960	1301004	8192	32256	29808	0	101105	35152
84.38	23341ca4e4830bee	62960	1301185	8192	32256	29808	0	101081	35152
84.38	23341ca4e4830bee	62960	1301376	8192	32256	29808	0	101085	35152
84.38	23341ca4e4830bee	62960	1301567	8192	32288	29824	0	101081	35168
84.38	23341ca4e4830bee	62960	1301758	8192	32288	29824	0	101081	35168
84.38	23341ca4e4830bee	62960	1301950	8192	32288	29824	0	101083	35168
84.38	23341ca4e4830bee	62960	1302198	8192	32288	29824	0	101083	35168
84.38	23341ca4e4830bee	62960	1302392	8192	32272	29808	0	101087	35168
84.38	23341ca4e4830bee	62960	1302583	8192	32272	29808	0	101089	35168
84.38	23341ca4e4830bee	62960	1302775	8192	32272	29808	0	101089	35168
84.38	23341ca4e4830bee	62960	1302956	8320	32272	29808	0	101089	35168
84.38	23341ca4e4830bee	62960	1303147	8320	32256	29824	0	101077	35168
84.38	23341ca4e4830bee	62960	1303338	8320	32256	29824	0	101085	35168
84.38	23341ca4e4830bee	62960	1303529	8320	32256	29824	0	101085	35168
84.38	23341ca4e4830bee	62960	1303720	8320	32288	29824	0	101073	35152
84.38	23341ca4e4830bee	62960	1303911	8320	32288	29808	0	101091	35152
84.38	23341ca4e4830bee	62960	1304102	8320	32288	29808	0	101089	35152
84.38	23341ca4e4830bee	62960	1304297	8320	32288	29808	0	101089	35152
84.38	23341ca4e4830bee	62960	1304488	8192	32272	29792	0	101087	35152
84.38	23341ca4e4830bee	62960	1304679	8192	32272	29792	0	101077	35152
84.38	23341ca4e4830bee	62960	1304870	8192	32272	29792	0	101081	35152
84.38	23341ca4e4830bee	62960	1305061	8192	32272	29792	0	101083	35152
84.38	23341ca4e4830bee	62960	1305252	8320	32288	29824	0	101087	35152
84.38	23341ca4e4830bee	62960	1305444	8320	32288	29824	0	101089	35152
84.38	23341ca4e4830bee	62960	1305635	8320	32288	29824	0	101083	35152
84.38	23341ca4e4830bee	62960	1305834	8320	32288	29824	0	101073	35152
84.38	23341ca4e4830bee	62960	1306064	8320	32288	29824	0	101085	35152
84.38	23341ca4e4830bee	62960	1306255	8320	32288	29824	0	101089	35152
84.38	23341ca4e4830bee	62960	1306457	8320	32288	29824	0	101077	35152
84.38	23341ca4e4830bee	62960	1306648	8192	32304	29792	0	101085	35136
84.38	23341ca4e4830bee	62960	1306839	8192	32304	29792	0	101083	35136
84.38	23341ca4e4830bee	62960	1307030	8192	32304	29792	0	101085	35136
84.38	23341ca4e4830bee	62960	1307221	8192	32304	29792	0	101083	35136
84.38	23341ca4e4830bee	62960	1307412	8320	32240	29808	0	101085	35200
84.38	23341ca4e4830bee	62960	1307604	8320	32240	29808	0	101079	35200
84.38	23341ca4e4830bee	62960	1307795	8320	32240	29808	0	101083	35200
84.38	23341ca4e4830bee	62960	1307976	8320	32240	29808	0	101079	35200
84.38	23341ca4e4830bee	62960	1308167	8320	32272	29808	0	101089	35136
84.38	23341ca4e4830bee	62960	1308358	8320	32272	29808	0	101089	35136
84.38	23341ca4e4830bee	62960	1308549	8320	32272	29808	0	101083	35136
84.38	23341ca4e4830bee	62960	1308740	8192	32272	29808	0	101085	35168
84.38	23341ca4e4830bee	62960	1308932	8192	32256	29792	0	101085	35168
84.38	23341ca4e4830bee	62960	1309123	8192	32256	29792	0	101089	35168
84.38	23341ca4e4830bee	62960	1309325	8192	32256	29792	0	101079	35168
84.38	23341ca4e4830bee	62960	1309506	8320	32272	29792	0	101089	35184
84.38	23341ca4e4830bee	62960	1309698	8320	32272	29792	0	101091	35184
84.38	23341ca4e4830bee	62960	1309938	8320	32272	29792	0	101083	35184
84.38	23341ca4e4830bee	62960	1310129	8320	32272	29792	0	101085	35184
84.38	23341ca4e4830bee	62960	1310320	8192	32272	29792	0	101085	35152
84.38	23341ca4e4830bee	62960	1310511	8192	32272	29792	0	101085	35152
84.38	23341ca4e4830bee	62960	1310702	8192	32272	29792	0	101083	35152
84.38	23341ca4e4830bee	62960	1310893	8320	32272	29792	0	101075	35152
84.38	23341ca4e4830bee	62960	1311085	8320	32256	29792	0	101091	35184
84.38	23341ca4e4830bee	62960	1311278	8320	32256	29792	0	101083	35184
84.38	23341ca4e4830bee	62960	1311469	8320	32256	29792	0	101083	35184
84.38	23341ca4e4830bee	62960	1311661	8320	32256	29792	0	101089	35152
84.38	23341ca4e4830bee	62960	1311852	8320	32272	29776	0	101085	35152
84.38	23341ca4e4830bee	62960	1312043	8320	32272	29776	0	101079	35152
84.38	23341ca4e4830bee	62960	1312234	8320	32272	29776	0	101079	35152
84.38	23341ca4e4830bee	62960	1312425	8320	32240	29824	0	101099	35120
84.38	23341ca4e4830bee	62960	1312606	8320	32240	29824	0	101089	35120
84.38	23341ca4e4830bee	62960	1312797	8320	32240	29824	0	101083	35120
84.38	23341ca4e4830bee	62960	1312989	8320	32240	29824	0	101083	35120
84.38	23341ca4e4830bee	62960	1313180	8192	32256	29792	0	101085	35152
84.38	23341ca4e4830bee	62960	1313371	8192	32256	29792	0	101083	35152
84.38	23341ca4e4830bee	62960	1313562	8192	32256	29792	0	101085	35152
84.38	23341ca4e4830bee	62960	1313797	8320	32256	29792	0	101079	35136
84.38	23341ca4e4830bee	62960	1313988	8320	32288	29824	0	101083	35136
84.38	23341ca4e4830bee	62960	1314179	8320	32288	29824	0	101083	35136
84.38	23341ca4e4830bee	62960	1314370	8320	32288	29824	0	101077	35136
84.38	23341ca4e4830bee	62960	1314561	8320	32240	29824	0	101083	35152
84.38	23341ca4e4830bee	62960	1314752	8320	32240	29792	0	101089	35152
84.38	23341ca4e4830bee	62960	1314943	8320	32240	29792	0	101089	35152
84.38	23341ca4e4830bee	62960	1315135	8320	32240	29792	0	101079	35152
84.38	23341ca4e4830bee	62960	1315326	8320	32256	29840	0	101077	35168
84.38	23341ca4e4830bee	62960	1315507	8320	32256	29840	0	101085	35168
84.38	23341ca4e4830bee	62960	1315698	8320	32256	29840	0	101085	35168
84.38	23341ca4e4830bee	62960	1315889	8320	32256	29840	0	101079	35168
84.38	23341ca4e4830bee	62960	1316080	8320	32288	29808	0	101085	35200
84.38	23341ca4e4830bee	62960	1316280	8320	32288	29808	0	101083	35200
84.38	23341ca4e4830bee	62960	1316471	8320	32288	29808	0	101083	35200
84.38	23341ca4e4830bee	62960	1316662	8320	32288	29808	0	101073	35200
84.38	23341ca4e4830bee	62960	1316853	8320	32272	29824	0	101073	35152
84.38	23341ca4e4830bee	62960	1317045	8320	32272	29824	0	101079	35152
84.38	23341ca4e4830bee	62960	1317236	8320	32272	29824	0	101081	35152
84.38	23341ca4e4830bee	62960	1317417	8320	32272	29824	0	101083	35168
84.38	23341ca4e4830bee	62960	1317658	8320	32272	29808	0	101079	35168
84.38	23341ca4e4830bee	62960	1317849	8320	32272	29808	0	101089	35168
84.38	23341ca4e4830bee	62960	1318040	8320	32272	29808	0	101095	35168
84.38	23341ca4e4830bee	62960	1318231	8192	32272	29792	0	101085	35152
84.38	23341ca4e4830bee	62960	1318422	8192	32272	29792	0	101083	35152
84.38	23341ca4e4830bee	62960	1318613	8192	32272	29792	0	101089	35152
84.38	23341ca4e4830bee	62960	1318804	8192	32272	29792	0	101083	35152
84.38	23341ca4e4830bee	62960	1318995	8192	32256	29792	0	101091	35104
84.38	23341ca4e4830bee	62960	1319186	8192	32256	29792	0	101085	35104
84.38	23341ca4e4830bee	62960	1319367	8192	32256	29792	0	101091	35104
84.38	23341ca4e4830bee	62960	1319558	8192	32256	29792	0	101091	35104
84.38	23341ca4e4830bee	62960	1319750	8192	32256	29840	0	101077	35088
84.38	23341ca4e4830bee	62960	1319941	8192	32256	29840	0	101077	35088
84.38	23341ca4e4830bee	62960	1320132	8192	32256	29840	0	101077	35088
84.38	23341ca4e4830bee	62960	1320343	8320	32272	29840	0	101079	35152
84.38	23341ca4e4830bee	62960	1320534	8320	32272	29776	0	101079	35152
84.38	23341ca4e4830bee	62960	1320725	8320	32272	29776	0	101089	35152
84.38	23341ca4e4830bee	62960	1320917	8320	32272	29776	0	101085	35152
84.38	23341ca4e4830bee	62960	1321098	8192	32288	29824	0	101087	35200
84.38	23341ca4e4830bee	62960	1321289	8192	32288	29824	0	101079	35200
84.38	23341ca4e4830bee	62960	1321527	8192	32288	29824	0	101087	35200
84.38	23341ca4e4830bee	62960	1321708	8192	32288	29824	0	101083	35200
84.38	23341ca4e4830bee	62960	1321899	8192	32224	29824	0	101071	35088
84.38	23341ca4e4830bee	62960	1322090	8192	32224	29824	0	101079	35088
84.38	23341ca4e4830bee	62960	1322281	8192	32224	29824	0	101089	35088
84.38	23341ca4e4830bee	62960	1322472	8320	32224	29824	0	101083	35120
84.38	23341ca4e4830bee	62960	1322664	8320	32288	29808	0	101077	35120
84.38	23341ca4e4830bee	62960	1322855	8320	32288	29808	0	101089	35120
84.38	23341ca4e4830bee	62960	1323046	8320	32288	29808	0	101083	35120
84.38	23341ca4e4830bee	62960	1323237	8192	32240	29744	0	101087	35136
84.38	23341ca4e4830bee	62960	1323418	8192	32240	29744	0	101087	35136
84.38	23341ca4e4830bee	62960	1323609	8192	32240	29744	0	101083	35136
84.38	23341ca4e4830bee	62960	1323800	8192	32240	29744	0	101077	35136
84.38	23341ca4e4830bee	62960	1323991	8192	32320	29776	0	101089	35184
84.38	23341ca4e4830bee	62960	1324183	8192	32320	29776	0	101085	35184
84.38	23341ca4e4830bee	62960	1324377	8192	32320	29776	0	101083	35184
84.38	23341ca4e4830bee	62960	1324558	8192	32320	29776	0	101071	35184
84.38	23341ca4e4830bee	62960	1324749	8192	32272	29808	0	101087	35184
84.38	23341ca4e4830bee	62960	1324940	8192	32272	29808	0	101077	35184
84.38	23341ca4e4830bee	62960	1325132	8192	32272	29808	0	101077	35184
84.38	23341ca4e4830bee	62960	1325379	8192	32272	29808	0	101087	35168
84.38	23341ca4e4830bee	62960	1325570	8192	32272	29808	0	101081	35168
84.38	23341ca4e4830bee	62960	1325761	8192	32272	29808	0	101085	35168
84.38	23341ca4e4830bee	62960	1325952	8192	32272	29808	0	101081	35168
84.38	23341ca4e4830bee	62960	1326143	8320	32304	29792	0	101091	35168
84.38	23341ca4e4830bee	62960	1326335	8320	32304	29792	0	101089	35168
84.38	23341ca4e4830bee	62960	1326526	8320	32304	29792	0	101085	35168
84.38	23341ca4e4830bee	62960	1326717	8320	32304	29792	0	101079	35168
84.38	23341ca4e4830bee	62960	1326898	8320	32272	29808	0	101085	35120
84.38	23341ca4e4830bee	62960	1327089	8320	32272	29808	0	101073	35120
84.38	23341ca4e4830bee	62960	1327281	8320	32272	29808	0	101081	35120
84.38	23341ca4e4830bee	62960	1327472	8320	32272	29808	0	101081	35120
84.38	23341ca4e4830bee	62960	1327663	8320	32240	29808	0	101085	35168
84.38	23341ca4e4830bee	62960	1327854	8320	32240	29808	0	101073	35168
84.38	23341ca4e4830bee	62960	1328045	8320	32240	29808	0	101079	35168
84.38	23341ca4e4830bee	62960	1328236	8192	32240	29808	0	101081	35168
84.38	23341ca4e4830bee	62960	1328428	8192	32288	29824	0	101081	35184
84.38	23341ca4e4830bee	62960	1328609	8192	32288	29824	0	101079	35184
84.38	23341ca4e4830bee	62960	1328800	8192	32288	29824	0	101081	35184
84.38	23341ca4e4830bee	62960	1328991	8320	32288	29824	0	101085	35120
84.38	23341ca4e4830bee	62960	1329230	8320	32256	29840	0	101083	35120
84.38	23341ca4e4830bee	62960	1329421	8320	32256	29840	0	101081	35120
84.38	23341ca4e4830bee	62960	1329612	8320	32256	29840	0	101071	35120
84.38	23341ca4e4830bee	62960	1329803	8192	32272	29792	0	101081	35136
84.38	23341ca4e4830bee	62960	1329994	8192	32272	29792	0	101075	35136
84.38	23341ca4e4830bee	62960	1330185	8192	32272	29792	0	101091	35136
84.38	23341ca4e4830bee	62960	1330376	8192	32272	29792	0	101081	35136
84.38	23341ca4e4830bee	62960	1330568	8192	32272	29824	0	101083	35168
84.38	23341ca4e4830bee	62960	1330749	8192	32272	29824	0	101087	35168
84.38	23341ca4e4830bee	62960	1330940	8192	32272	29824	0	101081	35168
84.38	23341ca4e4830bee	62960	1331131	8192	32272	29824	0	101087	35168
84.38	23341ca4e4830bee	62960	1331322	8192	32208	29808	0	101079	35152
84.38	23341ca4e4830bee	62960	1331513	8192	32208	29808	0	101089	35152
84.38	23341ca4e4830bee	62960	1331704	8192	32208	29808	0	101077	35152
84.38	23341ca4e4830bee	62960	1331895	8192	32256	29808	0	101087	35184
84.38	23341ca4e4830bee	62960	1332087	8192	32256	29792	0	101087	35184
84.38	23341ca4e4830bee	62960	1332278	8192	32256	29792	0	101079	35184
84.38	23341ca4e4830bee	62960	1332469	8192	32256	29792	0	101081	35184
84.38	23341ca4e4830bee	62960	1332661	8320	32256	29840	0	101083	35152
84.38	23341ca4e4830bee	62960	1332852	8320	32256	29840	0	101087	35152
84.38	23341ca4e4830bee	62960	1333096	8320	32256	29840	0	101079	35152
84.38	23341ca4e4830bee	62960	1333287	8192	32256	29840	0	101073	35152
84.38	23341ca4e4830bee	62960	1333478	8192	32240	29856	0	101083	35120
84.38	23341ca4e4830bee	62960	1333659	8192	32240	29856	0	101079	35120
84.38	23341ca4e4830bee	62960	1333851	8192	32240	29856	0	101089	35120
84.38	23341ca4e4830bee	62960	1334042	8320	32240	29856	0	101083	35200
84.38	23341ca4e4830bee	62960	1334233	8320	32240	29808	0	101075	35200
84.38	23341ca4e4830bee	62960	1334424	8320	32240	29808	0	101083	35200
84.38	23341ca4e4830bee	62960	1334615	8320	32240	29808	0	101087	35200
84.38	23341ca4e4830bee	62960	1334806	8320	32256	29824	0	101081	35168
84.38	23341ca4e4830bee	62960	1334997	8320	32256	29824	0	101079	35168
84.38	23341ca4e4830bee	62960	1335188	8320	32256	29824	0	101085	35168
84.38	23341ca4e4830bee	62960	1335369	8320	32256	29824	0	101081	35168
84.38	23341ca4e4830bee	62960	1335561	8192	32304	29792	0	101079	35168
84.38	23341ca4e4830bee	62960	1335752	8192	32304	29792	0	101085	35168
84.38	23341ca4e4830bee	62960	1335943	8192	32304	29792	0	101085	35168
84.38	23341ca4e4830bee	62960	1336134	8192	32304	29792	0	101075	35168
84.38	23341ca4e4830bee	62960	1336325	8320	32256	29808	0	101087	35200
84.38	23341ca4e4830bee	62960	1336517	8320	32256	29808	0	101081	35200
84.38	23341ca4e4830bee	62960	1336708	8320	32256	29808	0	101089	35200
84.38	23341ca4e4830bee	62960	1336939	8320	32256	29808	0	101087	35120
84.38	23341ca4e4830bee	62960	1337130	8320	32272	29792	0	101083	35120
84.38	23341ca4e4830bee	62960	1337321	8320	32272	29792	0	101091	35120
84.38	23341ca4e4830bee	62960	1337512	8320	32272	29792	0	101079	35120
84.38	23341ca4e4830bee	62960	1337703	8192	32304	29792	0	101081	35136
84.38	23341ca4e4830bee	62960	1337894	8192	32304	29792	0	101091	35136
84.38	23341ca4e4830bee	62960	1338086	8192	32304	29792	0	101083	35136
84.38	23341ca4e4830bee	62960	1338277	8192	32304	29792	0	101075	35136
84.38	23341ca4e4830bee	62960	1338468	8192	32304	29824	0	101081	35184
84.38	23341ca4e4830bee	62960	1338649	8192	32304	29824	0	101079	35184
84.38	23341ca4e4830bee	62960	1338841	8192	32304	29824	0	101081	35184
84.38	23341ca4e4830bee	62960	1339032	8192	32304	29824	0	101089	35184
84.38	23341ca4e4830bee	62960	1339223	8320	32272	29824	0	101079	35184
84.38	23341ca4e4830bee	62960	1339414	8320	32272	29824	0	101091	35184
84.38	23341ca4e4830bee	62960	1339605	8320	32272	29824	0	101087	35184
84.38	23341ca4e4830bee	62960	1339806	8320	32272	29824	0	101067	35168
84.38	23341ca4e4830bee	62960	1339997	8320	32256	29776	0	101073	35168
84.38	23341ca4e4830bee	62960	1340188	8320	32256	29776	0	101081	35168
84.38	23341ca4e4830bee	62960	1340369	8320	32256	29776	0	101087	35168
84.38	23341ca4e4830bee	62944	1340561	8192	32256	29776	0	101083	35184
84.38	23341ca4e4830bee	62944	1340804	8192	32256	29808	0	101083	35184
84.38	23341ca4e4830bee	62944	1340995	8192	32256	29808	0	101087	35184
84.38	23341ca4e4830bee	62944	1341186	8192	32256	29808	0	101081	35184
84.38	23341ca4e4830bee	62944	1341377	8320	32304	29792	0	101083	35136
84.38	23341ca4e4830bee	62944	1341568	8320	32304	29792	0	101081	35136
84.38	23341ca4e4830bee	62944	1341760	8320	32304	29792	0	101081	35136
84.38	23341ca4e4830bee	62944	1341951	8320	32304	29792	0	101087	35136
84.38	23341ca4e4830bee	62944	1342181	8320	32288	29792	0	101083	35200
84.38	23341ca4e4830bee	62944	1342372	8320	32288	29792	0	101089	35200
84.38	23341ca4e4830bee	62944	1342564	8320	32288	29792	0	101075	35200
84.38	23341ca4e4830bee	62944	1342755	8320	32272	29792	0	101077	35120
84.38	23341ca4e4830bee	62944	1342946	8320	32272	29792	0	101077	35120
84.38	23341ca4e4830bee	62944	1343137	8320	32272	29792	0	101075	35120
84.38	23341ca4e4830bee	62944	1343328	8320	32272	29792	0	101085	35120
84.38	23341ca4e4830bee	62960	1343519	8320	32256	29840	0	101081	35168
84.38	23341ca4e4830bee	62960	1343700	8320	32256	29840	0	101081	35168
84.38	23341ca4e4830bee	62960	1343892	8320	32256	29840	0	101087	35168
84.38	23341ca4e4830bee	62960	1344083	8320	32256	29840	0	101085	35168
84.38	23341ca4e4830bee	62944	1344274	8320	32224	29808	0	101089	35168
84.38	23341ca4e4830bee	62944	1344466	8320	32224	29808	0	101085	35168
84.38	23341ca4e4830bee	62944	1344712	8320	32224	29808	0	101071	35168
84.38	23341ca4e4830bee	62960	1344903	8320	32256	29808	0	101071	35184
84.38	23341ca4e4830bee	62960	1345094	8320	32256	29792	0	101071	35184
84.38	23341ca4e4830bee	62960	1345285	8320	32256	29792	0	101081	35184
84.38	23341ca4e4830bee	62960	1345476	8320	32256	29792	0	101081	35184
84.38	23341ca4e4830bee	62960	1345667	8320	32272	29824	0	101087	35120
84.38	23341ca4e4830bee	62960	1345858	8320	32272	29824	0	101081	35120
84.38	23341ca4e4830bee	62960	1346049	8320	32272	29824	0	101075	35120
84.38	23341ca4e4830bee	62960	1346239	8320	32272	29824	0	101089	35120
84.38	23341ca4e4830bee	62960	1346420	8192	32256	29824	0	101081	35136
84.56	23341ca4e4830bee	62960	1346612	8192	32256	29824	0	101093	35136
84.56	23341ca4e4830bee	62960	1346803	8192	32256	29824	0	101085	35136
84.38	23341ca4e4830bee	62960	1346994	8192	32256	29824	0	101075	35136
84.56	23341ca4e4830bee	62960	1347191	8192	32320	29792	0	101087	35184
84.56	23341ca4e4830bee	62960	1347382	8192	32320	29792	0	101079	35184
84.38	23341ca4e4830bee	62960	1347573	8192	32320	29792	0	101089	35184
84.38	23341ca4e4830bee	62960	1347764	8320	32320	29792	0	101085	35136
84.38	23341ca4e4830bee	62960	1347956	8320	32272	29792	0	101073	35136
84.38	23341ca4e4830bee	62960	1348147	8320	32272	29792	0	101085	35136
84.56	23341ca4e4830bee	62960	1348339	8320	32272	29792	0	101091	35136
84.38	23341ca4e4830bee	62960	1348568	8320	32272	29808	0	101085	35104
84.38	23341ca4e4830bee	62960	1348759	8320	32272	29808	0	101087	35104
84.56	23341ca4e4830bee	62960	1348950	8320	32272	29808	0	101085	35104
84.38	23341ca4e4830bee	62960	1349141	8320	32272	29808	0	101081	35104
84.56	23341ca4e4830bee	62960	1349333	8320	32272	29776	0	101087	35136
84.56	23341ca4e4830bee	62960	1349524	8320	32272	29776	0	101085	35136
84.56	23341ca4e4830bee	62960	1349715	8320	32272	29776	0	101087	35136
84.56	23341ca4e4830bee	62960	1349906	8320	32272	29776	0	101089	35136
84.56	23341ca4e4830bee	62960	1350097	8320	32272	29824	0	101091	35072
84.56	23341ca4e4830bee	62960	1350308	8320	32272	29824	0	101079	35072
84.56	23341ca4e4830bee	62960	1350499	8320	32272	29824	0	101089	35072
84.56	23341ca4e4830bee	62944	1350690	8320	32272	29760	0	101085	35184
84.56	23341ca4e4830bee	62944	1350881	8320	32272	29760	0	101079	35184
84.56	23341ca4e4830bee	62944	1351079	8320	32272	29760	0	101073	35184
84.38	23341ca4e4830bee	62944	1351270	8320	32272	29760	0	101079	35184
84.56	23341ca4e4830bee	62944	1351451	8320	32272	29792	0	101091	35168
84.56	23341ca4e4830bee	62944	1351643	8320	32272	29792	0	101083	35168
84.56	23341ca4e4830bee	62944	1351834	8320	32272	29792	0	101075	35168
84.56	23341ca4e4830bee	62944	1352025	8320	32272	29792	0	101083	35168
84.56	23341ca4e4830bee	62944	1352217	8320	32288	29808	0	101091	35120