Digit_temp	id	light	timestamp	acc_z	acc_y	acc_x	motion	pressure	humid
83.84	23341ca4e4830bee	62928	208791	8192	32272	29728	0	101103	35152
83.84	23341ca4e4830bee	62928	208991	8192	32272	29728	0	101103	35152
83.84	23341ca4e4830bee	62928	209182	8192	32272	29728	0	101105	35152
83.84	23341ca4e4830bee	62928	209373	8192	32272	29728	0	101103	35152
83.84	23341ca4e4830bee	62928	209564	8192	32272	29744	0	101105	35168
83.84	23341ca4e4830bee	62928	209755	8192	32272	29744	0	101109	35168
83.84	23341ca4e4830bee	62928	209946	8192	32272	29744	0	101113	35168
83.84	23341ca4e4830bee	62928	210137	8192	32272	29744	0	101099	35168
83.84	23341ca4e4830bee	62928	210328	8192	32272	29728	0	101095	35120
83.84	23341ca4e4830bee	62928	210519	8192	32272	29728	0	101103	35120
83.84	23341ca4e4830bee	62928	210710	8192	32272	29728	0	101103	35120
83.84	23341ca4e4830bee	62928	210901	8192	32272	29728	0	101105	35168
83.84	23341ca4e4830bee	62928	211092	8192	32256	29760	0	101095	35168
83.84	23341ca4e4830bee	62928	211283	8192	32256	29760	0	101095	35168
83.84	23341ca4e4830bee	62928	211475	8192	32256	29760	0	101093	35168
83.84	23341ca4e4830bee	62928	211666	8192	32288	29744	0	101099	35184
83.84	23341ca4e4830bee	62928	211847	8192	32288	29744	0	101095	35184
83.84	23341ca4e4830bee	62928	212038	8192	32288	29744	0	101113	35184
83.84	23341ca4e4830bee	62928	212229	8192	32288	29744	0	101103	35184
83.84	23341ca4e4830bee	62928	212420	8192	32288	29808	0	101105	35120
83.84	23341ca4e4830bee	62928	212662	8192	32288	29808	0	101099	35120
83.84	23341ca4e4830bee	62928	212853	8192	32288	29808	0	101095	35120
84.02	23341ca4e4830bee	62928	213044	8064	32288	29808	0	101105	35120
83.84	23341ca4e4830bee	62928	213235	8064	32272	29744	0	101095	35120
83.84	23341ca4e4830bee	62928	213417	8064	32272	29744	0	101107	35120
84.02	23341ca4e4830bee	62928	213608	8064	32272	29744	0	101105	35120
83.84	23341ca4e4830bee	62928	213799	8192	32288	29744	0	101095	35168
83.84	23341ca4e4830bee	62928	213990	8192	32288	29728	0	101095	35168
84.02	23341ca4e4830bee	62928	214181	8192	32288	29728	0	101107	35168
83.84	23341ca4e4830bee	62928	214372	8192	32288	29728	0	101107	35168
84.02	23341ca4e4830bee	62928	214563	8064	32288	29728	0	101105	35168
84.02	23341ca4e4830bee	62928	214754	8064	32288	29728	0	101105	35168
83.84	23341ca4e4830bee	62928	214945	8064	32288	29728	0	101101	35168
84.02	23341ca4e4830bee	62928	215127	8064	32288	29728	0	101105	35168
84.02	23341ca4e4830bee	62928	215318	8064	32240	29760	0	101105	35152
84.02	23341ca4e4830bee	62928	215509	8064	32240	29760	0	101109	35152
83.84	23341ca4e4830bee	62928	215700	8064	32240	29760	0	101093	35152
84.02	23341ca4e4830bee	62928	215891	8192	32240	29760	0	101111	35152
84.02	23341ca4e4830bee	62928	216083	8192	32272	29760	0	101101	35104
84.02	23341ca4e4830bee	62928	216274	8192	32272	29760	0	101101	35104
84.02	23341ca4e4830bee	62928	216506	8192	32272	29760	0	101099	35104
84.02	23341ca4e4830bee	62928	216687	8192	32288	29760	0	101113	35152
84.02	23341ca4e4830bee	62928	216878	8192	32288	29760	0	101087	35152
84.02	23341ca4e4830bee	62928	217069	8192	32288	29760	0	101099	35152
84.02	23341ca4e4830bee	62928	217260	8192	32288	29760	0	101099	35152
84.02	23341ca4e4830bee	62928	217451	8192	32288	29728	0	101101	35152
84.02	23341ca4e4830bee	62928	217642	8192	32288	29728	0	101101	35152
84.02	23341ca4e4830bee	62928	217833	8192	32288	29728	0	101099	35152
83.84	23341ca4e4830bee	62928	218024	8192	32288	29728	0	101101	35152
84.02	23341ca4e4830bee	62928	218216	8192	32256	29744	0	101101	35168
84.02	23341ca4e4830bee	62928	218397	8192	32256	29744	0	101105	35168
84.02	23341ca4e4830bee	62928	218588	8192	32256	29744	0	101101	35168
84.02	23341ca4e4830bee	62928	218780	8192	32256	29744	0	101105	35168
84.02	23341ca4e4830bee	62928	218971	8192	32272	29728	0	101101	35120
84.02	23341ca4e4830bee	62928	219162	8192	32272	29728	0	101107	35120
84.02	23341ca4e4830bee	62928	219353	8192	32272	29728	0	101091	35120
84.02	23341ca4e4830bee	62928	219544	8192	32272	29728	0	101093	35136
84.02	23341ca4e4830bee	62928	219736	8192	32288	29728	0	101091	35136
84.02	23341ca4e4830bee	62928	219927	8192	32288	29728	0	101091	35136
84.02	23341ca4e4830bee	62928	220118	8192	32288	29728	0	101107	35136
84.02	23341ca4e4830bee	62928	220360	8192	32256	29728	0	101101	35104
84.02	23341ca4e4830bee	62928	220551	8192	32256	29728	0	101105	35104
84.02	23341ca4e4830bee	62928	220742	8192	32256	29728	0	101099	35104
84.02	23341ca4e4830bee	62928	220933	8192	32256	29728	0	101099	35104
84.02	23341ca4e4830bee	62928	221124	8192	32256	29728	0	101099	35168
84.02	23341ca4e4830bee	62928	221315	8192	32256	29728	0	101103	35168
84.02	23341ca4e4830bee	62928	221506	8192	32256	29728	0	101105	35168
84.02	23341ca4e4830bee	62928	221687	8064	32256	29728	0	101095	35168
84.02	23341ca4e4830bee	62928	221878	8064	32288	29776	0	101109	35152
84.02	23341ca4e4830bee	62928	222069	8064	32288	29776	0	101109	35152
84.02	23341ca4e4830bee	62928	222260	8064	32288	29776	0	101093	35152
84.02	23341ca4e4830bee	62928	222452	8064	32288	29776	0	101109	35136
84.02	23341ca4e4830bee	62928	222643	8064	32272	29744	0	101103	35136
84.02	23341ca4e4830bee	62928	222834	8064	32272	29744	0	101103	35136
84.02	23341ca4e4830bee	62928	223025	8064	32272	29744	0	101107	35136
84.02	23341ca4e4830bee	62928	223217	8192	32272	29760	0	101103	35152
84.02	23341ca4e4830bee	62928	223398	8192	32272	29760	0	101109	35152
84.02	23341ca4e4830bee	62928	223589	8192	32272	29760	0	101095	35152
84.02	23341ca4e4830bee	62928	223781	8192	32272	29760	0	101095	35152
84.02	23341ca4e4830bee	62928	223972	8064	32288	29760	0	101101	35104
84.02	23341ca4e4830bee	62928	224212	8064	32288	29760	0	101107	35104
84.02	23341ca4e4830bee	62928	224403	8064	32288	29760	0	101095	35104
84.02	23341ca4e4830bee	62928	224594	8192	32288	29760	0	101103	35104
84.02	23341ca4e4830bee	62928	224785	8192	32272	29744	0	101099	35088
84.02	23341ca4e4830bee	62928	224976	8192	32272	29744	0	101101	35088
84.02	23341ca4e4830bee	62928	225187	8192	32272	29744	0	101095	35088
84.02	23341ca4e4830bee	62928	225378	8192	32304	29744	0	101093	35136
84.02	23341ca4e4830bee	62928	225569	8192	32304	29744	0	101107	35136
84.02	23341ca4e4830bee	62928	225760	8192	32304	29744	0	101101	35136
84.02	23341ca4e4830bee	62928	225951	8192	32304	29744	0	101101	35136
84.02	23341ca4e4830bee	62928	226142	8192	32272	29728	0	101101	35168
84.02	23341ca4e4830bee	62928	226333	8192	32272	29728	0	101107	35168
84.02	23341ca4e4830bee	62928	226524	8192	32272	29728	0	101103	35168
84.02	23341ca4e4830bee	62928	226716	8192	32272	29728	0	101101	35168
84.02	23341ca4e4830bee	62928	226907	8192	32240	29744	0	101101	35136
84.02	23341ca4e4830bee	62928	227088	8192	32240	29744	0	101095	35136
84.02	23341ca4e4830bee	62928	227280	8192	32240	29744	0	101103	35136
84.02	23341ca4e4830bee	62928	227471	8192	32240	29744	0	101093	35136
84.02	23341ca4e4830bee	62928	227662	8192	32272	29760	0	101101	35152
84.02	23341ca4e4830bee	62928	227853	8192	32272	29760	0	101099	35152
84.02	23341ca4e4830bee	62928	228090	8192	32272	29760	0	101101	35152
84.02	23341ca4e4830bee	62928	228281	8192	32256	29744	0	101115	35200
84.02	23341ca4e4830bee	62928	228472	8192	32256	29744	0	101103	35200
84.02	23341ca4e4830bee	62928	228663	8192	32256	29744	0	101101	35200
84.02	23341ca4e4830bee	62928	228854	8192	32256	29744	0	101095	35200
84.02	23341ca4e4830bee	62928	229045	8064	32256	29744	0	101093	35168
84.02	23341ca4e4830bee	62928	229237	8064	32256	29744	0	101109	35168
84.02	23341ca4e4830bee	62928	229428	8064	32256	29744	0	101095	35168
84.02	23341ca4e4830bee	62928	229609	8064	32256	29744	0	101111	35168
84.02	23341ca4e4830bee	62928	229800	8192	32256	29760	0	101105	35104
84.02	23341ca4e4830bee	62928	229991	8192	32256	29760	0	101089	35104
84.02	23341ca4e4830bee	62928	230182	8192	32256	29760	0	101109	35104
84.02	23341ca4e4830bee	62928	230373	8192	32256	29760	0	101095	35136
84.02	23341ca4e4830bee	62928	230564	8192	32256	29744	0	101107	35136
84.02	23341ca4e4830bee	62928	230756	8192	32256	29744	0	101107	35136
84.02	23341ca4e4830bee	62928	230947	8192	32256	29744	0	101101	35136
84.02	23341ca4e4830bee	62928	231141	8192	32288	29744	0	101103	35168
84.02	23341ca4e4830bee	62928	231332	8192	32288	29728	0	101093	35168
84.02	23341ca4e4830bee	62928	231523	8192	32288	29728	0	101103	35168
84.02	23341ca4e4830bee	62928	231715	8192	32288	29728	0	101105	35168
84.02	23341ca4e4830bee	62928	231948	8192	32272	29744	0	101089	35120
84.02	23341ca4e4830bee	62928	232134	8192	32272	29744	0	101093	35120
84.02	23341ca4e4830bee	62928	232325	8192	32272	29744	0	101109	35120
84.02	23341ca4e4830bee	62928	232520	8192	32272	29744	0	101093	35120
84.02	23341ca4e4830bee	62928	232712	8192	32288	29744	0	101107	35184
84.02	23341ca4e4830bee	62928	232903	8192	32288	29744	0	101093	35184
84.02	23341ca4e4830bee	62928	233102	8192	32288	29744	0	101105	35184
84.02	23341ca4e4830bee	62928	233293	8192	32288	29744	0	101109	35104
84.02	23341ca4e4830bee	62928	233484	8192	32272	29744	0	101109	35104
84.02	23341ca4e4830bee	62928	233675	8192	32272	29744	0	101089	35104
84.02	23341ca4e4830bee	62928	233876	8192	32272	29744	0	101105	35104
84.02	23341ca4e4830bee	62928	234067	8192	32288	29776	0	101109	35152
84.02	23341ca4e4830bee	62928	234258	8192	32288	29776	0	101095	35152
84.02	23341ca4e4830bee	62928	234439	8192	32288	29776	0	101103	35152
84.02	23341ca4e4830bee	62928	234630	8192	32288	29776	0	101093	35152
84.02	23341ca4e4830bee	62928	234822	8192	32224	29760	0	101089	35168
84.02	23341ca4e4830bee	62928	235013	8192	32224	29760	0	101099	35168
84.02	23341ca4e4830bee	62928	235204	8192	32224	29760	0	101105	35168
84.02	23341ca4e4830bee	62928	235395	8192	32224	29760	0	101103	35168
84.02	23341ca4e4830bee	62928	235587	8192	32240	29760	0	101087	35200
84.02	23341ca4e4830bee	62928	235815	8192	32240	29760	0	101105	35200
84.02	23341ca4e4830bee	62928	236006	8192	32240	29760	0	101105	35200
84.02	23341ca4e4830bee	62928	236197	8064	32240	29760	0	101087	35104
84.02	23341ca4e4830bee	62928	236388	8064	32240	29760	0	101095	35104
84.02	23341ca4e4830bee	62928	236579	8064	32240	29760	0	101095	35104
84.02	23341ca4e4830bee	62928	236760	8064	32240	29760	0	101099	35104
84.02	23341ca4e4830bee	62928	236951	8192	32256	29760	0	101103	35136
84.02	23341ca4e4830bee	62928	237142	8192	32256	29760	0	101099	35136
84.02	23341ca4e4830bee	62928	237333	8192	32256	29760	0	101099	35136
84.02	23341ca4e4830bee	62928	237524	8192	32256	29760	0	101107	35136
84.02	23341ca4e4830bee	62928	237716	8192	32288	29760	0	101103	35104
84.02	23341ca4e4830bee	62928	237907	8192	32288	29760	0	101095	35104
84.02	23341ca4e4830bee	62928	238098	8192	32288	29760	0	101087	35104
84.02	23341ca4e4830bee	62928	238279	8192	32288	29760	0	101099	35104
84.02	23341ca4e4830bee	62928	238471	8192	32256	29744	0	101103	35152
84.02	23341ca4e4830bee	62928	238662	8192	32256	29744	0	101085	35152
84.02	23341ca4e4830bee	62928	238853	8192	32256	29744	0	101095	35152
84.02	23341ca4e4830bee	62928	239044	8192	32256	29744	0	101107	35200
84.02	23341ca4e4830bee	62944	239236	8192	32272	29760	0	101099	35200
84.02	23341ca4e4830bee	62944	239427	8192	32272	29760	0	101103	35200
84.02	23341ca4e4830bee	62944	239644	8192	32272	29760	0	101095	35200
84.02	23341ca4e4830bee	62944	239835	8192	32256	29744	0	101101	35216
84.02	23341ca4e4830bee	62944	240026	8192	32256	29744	0	101095	35216
84.02	23341ca4e4830bee	62944	240237	8192	32256	29744	0	101103	35216
84.02	23341ca4e4830bee	62944	240428	8192	32256	29744	0	101109	35216
84.02	23341ca4e4830bee	62944	240619	8192	32272	29728	0	101101	35152
84.02	23341ca4e4830bee	62944	240801	8192	32272	29728	0	101095	35152
84.02	23341ca4e4830bee	62944	240992	8192	32272	29728	0	101089	35152
84.02	23341ca4e4830bee	62944	241183	8192	32272	29728	0	101095	35152
84.02	23341ca4e4830bee	62960	241374	8192	32256	29744	1	101101	35136
84.02	23341ca4e4830bee	62960	241565	8192	32256	29744	1	101101	35136
84.02	23341ca4e4830bee	62960	241756	8192	32256	29744	1	101101	35136
84.02	23341ca4e4830bee	63232	241947	8192	32256	29744	1	101101	35120
84.02	23341ca4e4830bee	63232	242138	8192	32304	29744	1	101103	35120
84.02	23341ca4e4830bee	63232	242330	8192	32304	29744	1	101107	35120
84.02	23341ca4e4830bee	63232	242511	8192	32304	29744	1	101101	35120
84.02	23341ca4e4830bee	63120	242702	8192	32240	29744	1	101103	35120
84.02	23341ca4e4830bee	63120	242893	8192	32240	29744	1	101103	35120
84.02	23341ca4e4830bee	63120	243084	8192	32240	29744	0	101095	35120
84.02	23341ca4e4830bee	63120	243276	8192	32240	29744	0	101093	35120
84.02	23341ca4e4830bee	63040	243514	8192	32272	29760	0	101095	35136
84.02	23341ca4e4830bee	63040	243705	8192	32272	29760	0	101107	35136
84.02	23341ca4e4830bee	63040	243897	8192	32272	29760	0	101113	35136
84.02	23341ca4e4830bee	63040	244088	8192	32272	29760	0	101093	35136
84.02	23341ca4e4830bee	63904	244279	8192	32256	29776	1	101107	35120
84.02	23341ca4e4830bee	63904	244470	8192	32256	29776	1	101103	35120
84.02	23341ca4e4830bee	63904	244661	8192	32256	29776	1	101103	35120
84.02	23341ca4e4830bee	64192	244852	8192	32256	29776	1	101103	35120
84.02	23341ca4e4830bee	64192	245043	8192	32224	29744	1	101101	35120
84.2	23341ca4e4830bee	64192	245234	8192	32224	29744	1	101103	35120
84.2	23341ca4e4830bee	64192	245426	8192	32224	29744	1	101103	35120
84.02	23341ca4e4830bee	63456	245617	8192	32240	29792	1	101095	35200
84.2	23341ca4e4830bee	63456	245808	8192	32240	29792	1	101103	35200
84.2	23341ca4e4830bee	63456	245999	8192	32240	29792	1	101093	35200
84.02	23341ca4e4830bee	63456	246190	8192	32240	29792	1	101087	35200
84.02	23341ca4e4830bee	63664	246381	8192	32272	29760	1	101103	35104
84.2	23341ca4e4830bee	63664	246573	8192	32272	29760	1	101105	35104
84.2	23341ca4e4830bee	63664	246764	8192	32272	29760	1	101111	35104
84.2	23341ca4e4830bee	63664	246955	8192	32272	29760	0	101093	35104
84.02	23341ca4e4830bee	63584	247146	8192	32272	29776	0	101101	35136
84.2	23341ca4e4830bee	63584	247390	8192	32272	29776	1	101101	35136
84.2	23341ca4e4830bee	63584	247571	8192	32272	29776	1	101101	35136
84.2	23341ca4e4830bee	63552	247762	8192	32256	29760	0	101101	35088
84.2	23341ca4e4830bee	63552	247953	8192	32256	29760	0	101111	35088
84.2	23341ca4e4830bee	63552	248144	8192	32256	29760	0	101103	35088
84.2	23341ca4e4830bee	63552	248335	8192	32256	29760	1	101107	35088
84.2	23341ca4e4830bee	62560	248526	8064	32288	29792	1	101107	35104
84.2	23341ca4e4830bee	62560	248718	8064	32288	29792	1	101109	35104
84.2	23341ca4e4830bee	62560	248909	8064	32288	29792	1	101109	35104
84.2	23341ca4e4830bee	62560	249100	8064	32288	29792	0	101103	35104
84.2	23341ca4e4830bee	62512	249281	8192	32304	29792	1	101095	35136
84.2	23341ca4e4830bee	62512	249473	8192	32304	29792	1	101099	35136
84.2	23341ca4e4830bee	62512	249664	8192	32304	29792	1	101103	35136
84.2	23341ca4e4830bee	62512	249855	8064	32304	29792	0	101099	35136
84.2	23341ca4e4830bee	62480	250046	8064	32272	29760	0	101101	35056
84.2	23341ca4e4830bee	62480	250237	8064	32272	29760	0	101095	35056
84.2	23341ca4e4830bee	62480	250428	8064	32272	29760	1	101099	35056
84.2	23341ca4e4830bee	62480	250628	8192	32272	29760	1	101103	35248
84.2	23341ca4e4830bee	62480	250819	8192	32256	29728	1	101109	35248
84.2	23341ca4e4830bee	62480	251011	8192	32256	29728	1	101101	35248
84.2	23341ca4e4830bee	62480	251253	8192	32256	29728	1	101105	35248
84.2	23341ca4e4830bee	62512	251444	8192	32272	29728	1	101111	35168
84.2	23341ca4e4830bee	62512	251635	8192	32272	29728	1	101105	35168
84.2	23341ca4e4830bee	62512	251826	8192	32272	29728	1	101109	35168
84.2	23341ca4e4830bee	62512	252017	8192	32272	29728	1	101093	35168
84.2	23341ca4e4830bee	62544	252208	8192	32256	29776	1	101105	35120
84.2	23341ca4e4830bee	62544	252400	8192	32256	29776	1	101105	35120
84.2	23341ca4e4830bee	62544	252591	8192	32256	29776	1	101103	35120
84.2	23341ca4e4830bee	62544	252772	8192	32256	29776	1	101099	35136
84.2	23341ca4e4830bee	62544	252963	8192	32288	29728	1	101105	35136
84.2	23341ca4e4830bee	62544	253154	8192	32288	29728	1	101099	35136
84.2	23341ca4e4830bee	62544	253345	8192	32288	29728	1	101109	35136
84.2	23341ca4e4830bee	62560	253537	8192	32272	29728	1	101115	35232
84.2	23341ca4e4830bee	62560	253728	8192	32272	29760	1	101101	35232
84.2	23341ca4e4830bee	62560	253919	8192	32272	29760	1	101105	35232
84.2	23341ca4e4830bee	62560	254110	8192	32272	29760	0	101111	35232
84.2	23341ca4e4830bee	62544	254291	8192	32272	29776	0	101103	35184
84.2	23341ca4e4830bee	62544	254482	8192	32272	29776	0	101099	35184
84.2	23341ca4e4830bee	62544	254674	8192	32272	29776	0	101087	35184
84.2	23341ca4e4830bee	62544	254865	8192	32272	29776	0	101101	35184
84.2	23341ca4e4830bee	62544	255103	8192	32272	29744	1	101111	35152
84.2	23341ca4e4830bee	62544	255294	8192	32272	29744	1	101093	35152
84.2	23341ca4e4830bee	62544	255485	8192	32272	29744	1	101103	35152
84.2	23341ca4e4830bee	62528	255676	8192	32272	29744	1	101105	35088
84.2	23341ca4e4830bee	62528	255868	8192	32272	29776	0	101105	35088
84.2	23341ca4e4830bee	62528	256059	8192	32272	29776	1	101109	35088
84.2	23341ca4e4830bee	62528	256250	8192	32272	29776	1	101099	35088
84.2	23341ca4e4830bee	62528	256441	8192	32288	29760	1	101099	35216
84.2	23341ca4e4830bee	62528	256622	8192	32288	29760	1	101105	35216
84.2	23341ca4e4830bee	62528	256813	8192	32288	29760	1	101101	35216
84.2	23341ca4e4830bee	62528	257004	8192	32288	29760	0	101099	35216
84.2	23341ca4e4830bee	62512	257195	8192	32272	29792	0	101103	35232
84.2	23341ca4e4830bee	62512	257386	8192	32272	29792	1	101099	35232
84.2	23341ca4e4830bee	62512	257578	8192	32272	29792	1	101101	35232
84.2	23341ca4e4830bee	62512	257769	8192	32272	29792	1	101101	35232
84.2	23341ca4e4830bee	62512	257960	8192	32256	29760	1	101109	35104
84.2	23341ca4e4830bee	62512	258151	8192	32256	29760	1	101107	35104
84.2	23341ca4e4830bee	62512	258332	8192	32256	29760	1	101093	35104
84.2	23341ca4e4830bee	62512	258524	8192	32256	29760	1	101109	35104
84.2	23341ca4e4830bee	62512	258715	8192	32272	29776	1	101105	35200
84.2	23341ca4e4830bee	62512	258954	8192	32272	29776	0	101109	35200
84.2	23341ca4e4830bee	62512	259152	8192	32272	29776	0	101105	35200
84.2	23341ca4e4830bee	62512	259333	8192	32272	29744	1	101103	35216
84.2	23341ca4e4830bee	62512	259524	8192	32272	29744	1	101107	35216
84.2	23341ca4e4830bee	62512	259715	8192	32272	29744	1	101101	35216
84.2	23341ca4e4830bee	62512	259906	8192	32272	29744	1	101101	35216
84.2	23341ca4e4830bee	62496	260098	8192	32288	29760	1	101095	35088
84.2	23341ca4e4830bee	62496	260289	8192	32288	29760	1	101089	35088
84.2	23341ca4e4830bee	62496	260480	8192	32288	29760	1	101113	35088
84.2	23341ca4e4830bee	62496	260671	8192	32288	29760	0	101103	35088
84.2	23341ca4e4830bee	62512	260862	8192	32288	29760	0	101095	35104
84.2	23341ca4e4830bee	62512	261053	8192	32288	29760	0	101095	35104
84.2	23341ca4e4830bee	62512	261244	8192	32288	29760	0	101101	35104
84.2	23341ca4e4830bee	62512	261435	8192	32288	29760	0	101095	35104
84.2	23341ca4e4830bee	62512	261627	8192	32256	29728	0	101095	35200
84.2	23341ca4e4830bee	62512	261818	8192	32256	29728	1	101101	35200
84.2	23341ca4e4830bee	62512	262015	8192	32256	29728	1	101101	35200
84.2	23341ca4e4830bee	62784	262206	8192	32256	29728	1	101101	35264
84.2	23341ca4e4830bee	62784	262397	8192	32256	29760	1	101107	35264
84.2	23341ca4e4830bee	62784	262588	8192	32256	29760	1	101101	35264
84.2	23341ca4e4830bee	62784	262833	8192	32256	29760	1	101103	35264
84.2	23341ca4e4830bee	63504	263033	8192	32256	29760	1	101095	35248
84.2	23341ca4e4830bee	63504	263224	8192	32256	29760	0	101107	35248
84.2	23341ca4e4830bee	63504	263416	8192	32256	29760	1	101105	35248
84.2	23341ca4e4830bee	63504	263607	8192	32256	29760	1	101107	35088
84.2	23341ca4e4830bee	63568	263798	8192	32304	29744	1	101101	35088
84.2	23341ca4e4830bee	63568	263994	8192	32304	29744	1	101095	35088
84.2	23341ca4e4830bee	63568	264185	8192	32304	29744	1	101095	35088
84.2	23341ca4e4830bee	63568	264376	8192	32272	29744	0	101105	35168
84.2	23341ca4e4830bee	63568	264567	8192	32272	29760	0	101099	35168
84.2	23341ca4e4830bee	63568	264758	8192	32272	29760	0	101101	35168
84.2	23341ca4e4830bee	63568	264949	8192	32272	29760	0	101101	35168
84.2	23341ca4e4830bee	63568	265141	8192	32256	29776	1	101101	35104
84.2	23341ca4e4830bee	63568	265332	8192	32256	29776	1	101107	35104
84.2	23341ca4e4830bee	63568	265513	8192	32256	29776	1	101101	35104
84.2	23341ca4e4830bee	63568	265704	8192	32256	29776	1	101105	35104
84.2	23341ca4e4830bee	63600	265895	8192	32240	29760	1	101107	35216
84.2	23341ca4e4830bee	63600	266087	8192	32240	29760	1	101107	35216
84.38	23341ca4e4830bee	63600	266278	8192	32240	29760	1	101109	35216
84.2	23341ca4e4830bee	63600	266469	8192	32240	29760	1	101105	35216
84.2	23341ca4e4830bee	63472	266698	8192	32272	29776	1	101091	35088
84.2	23341ca4e4830bee	63472	266889	8192	32272	29776	1	101099	35088
84.2	23341ca4e4830bee	63472	267080	8192	32272	29776	1	101095	35088
84.2	23341ca4e4830bee	63344	267271	8192	32240	29760	1	101107	35184
84.2	23341ca4e4830bee	63344	267462	8192	32240	29760	1	101095	35184
84.2	23341ca4e4830bee	63344	267653	8192	32240	29760	0	101087	35184
84.2	23341ca4e4830bee	63344	267844	8192	32240	29760	1	101101	35184
84.2	23341ca4e4830bee	63248	268035	8192	32272	29776	1	101095	35248
84.2	23341ca4e4830bee	63248	268226	8192	32272	29776	1	101095	35248
84.2	23341ca4e4830bee	63248	268417	8192	32272	29776	1	101093	35248
84.2	23341ca4e4830bee	63248	268608	8192	32272	29776	1	101099	35248
84.2	23341ca4e4830bee	63248	268800	8192	32272	29744	1	101103	35024
84.2	23341ca4e4830bee	63248	268991	8192	32272	29744	1	101101	35024
84.2	23341ca4e4830bee	63248	269182	8192	32272	29744	0	101111	35024
84.2	23341ca4e4830bee	63248	269373	8192	32272	29744	1	101105	35024
84.2	23341ca4e4830bee	63248	269564	8192	32272	29744	0	101095	35136
84.2	23341ca4e4830bee	63248	269755	8192	32272	29744	0	101107	35136
84.2	23341ca4e4830bee	63248	269947	8192	32272	29744	0	101105	35136
84.2	23341ca4e4830bee	63248	270138	8192	32272	29744	0	101099	35184
84.2	23341ca4e4830bee	63248	270329	8192	32272	29776	0	101105	35184
84.2	23341ca4e4830bee	63248	270576	8192	32272	29776	1	101107	35184
84.2	23341ca4e4830bee	63248	270767	8192	32272	29776	0	101093	35184
84.2	23341ca4e4830bee	63264	270958	8064	32320	29776	0	101101	35024
84.2	23341ca4e4830bee	63264	271149	8064	32320	29776	0	101101	35024
84.2	23341ca4e4830bee	63264	271340	8064	32320	29776	0	101095	35024
84.2	23341ca4e4830bee	63264	271531	8192	32320	29776	0	101105	35024
84.2	23341ca4e4830bee	63264	271723	8192	32272	29744	0	101105	35056
84.2	23341ca4e4830bee	63264	271904	8192	32272	29744	0	101095	35056
84.2	23341ca4e4830bee	63264	272095	8192	32272	29744	0	101101	35056
84.2	23341ca4e4830bee	63264	272286	8192	32272	29744	0	101105	35088
84.2	23341ca4e4830bee	63264	272477	8192	32272	29760	0	101111	35088
84.2	23341ca4e4830bee	63264	272668	8192	32272	29760	1	101101	35088
84.2	23341ca4e4830bee	63264	272860	8192	32272	29760	1	101105	35088
84.38	23341ca4e4830bee	63408	273051	8192	32272	29776	0	101109	35216
84.2	23341ca4e4830bee	63408	273242	8192	32272	29776	1	101099	35216
84.38	23341ca4e4830bee	63408	273433	8192	32272	29776	0	101103	35216
84.38	23341ca4e4830bee	63408	273614	8192	32272	29776	0	101099	35216
84.2	23341ca4e4830bee	63472	273805	8192	32272	29776	1	101105	35072
84.2	23341ca4e4830bee	63472	273997	8192	32272	29776	1	101101	35072
84.2	23341ca4e4830bee	63472	274188	8192	32272	29776	1	101103	35072
84.2	23341ca4e4830bee	63472	274432	8192	32272	29776	1	101099	35072
84.2	23341ca4e4830bee	63520	274623	8192	32272	29728	1	101091	35040
84.2	23341ca4e4830bee	63520	274814	8192	32272	29728	1	101091	35040
84.2	23341ca4e4830bee	63520	275005	8192	32272	29728	1	101103	35040
84.2	23341ca4e4830bee	63376	275196	8192	32272	29728	1	101105	35264
84.2	23341ca4e4830bee	63376	275387	8192	32288	29744	1	101099	35264
84.38	23341ca4e4830bee	63376	275590	8192	32288	29744	0	101103	35264
84.2	23341ca4e4830bee	63376	275781	8192	32288	29744	1	101101	35264
84.38	23341ca4e4830bee	63392	275972	8192	32272	29760	1	101103	35216
84.38	23341ca4e4830bee	63392	276163	8192	32272	29760	1	101099	35216
84.2	23341ca4e4830bee	63392	276345	8192	32272	29760	1	101103	35216
84.2	23341ca4e4830bee	63392	276536	8192	32272	29760	1	101095	35216
84.2	23341ca4e4830bee	63424	276727	8192	32288	29744	1	101099	35040
84.2	23341ca4e4830bee	63424	276918	8192	32288	29744	1	101099	35040
84.2	23341ca4e4830bee	63424	277109	8192	32288	29744	1	101091	35040
84.38	23341ca4e4830bee	63424	277300	8192	32288	29744	1	101091	35040
84.38	23341ca4e4830bee	63456	277492	8192	32256	29792	1	101095	35280
84.38	23341ca4e4830bee	63456	277683	8192	32256	29792	0	101103	35280
84.38	23341ca4e4830bee	63456	277874	8192	32256	29792	1	101109	35280
84.38	23341ca4e4830bee	63456	278065	8192	32256	29792	1	101101	35216
84.38	23341ca4e4830bee	63456	278294	8192	32288	29744	1	101107	35216
84.38	23341ca4e4830bee	63456	278485	8192	32288	29744	1	101103	35216
84.38	23341ca4e4830bee	63456	278676	8192	32288	29744	1	101099	35216
84.38	23341ca4e4830bee	63360	278867	8192	32288	29760	1	101107	35248
84.38	23341ca4e4830bee	63360	279059	8192	32288	29760	1	101089	35248
84.38	23341ca4e4830bee	63360	279250	8192	32288	29760	1	101095	35248
84.38	23341ca4e4830bee	63360	279441	8192	32288	29760	1	101103	35248
84.38	23341ca4e4830bee	63104	279632	8192	32256	29776	1	101101	35120
84.38	23341ca4e4830bee	63104	279823	8192	32256	29776	0	101105	35120
84.38	23341ca4e4830bee	63104	280014	8192	32256	29776	1	101103	35120
84.38	23341ca4e4830bee	63104	280205	8192	32256	29776	1	101095	35120
84.38	23341ca4e4830bee	63328	280396	8192	32272	29776	0	101103	35216
84.38	23341ca4e4830bee	63328	280587	8192	32272	29776	1	101095	35216
84.38	23341ca4e4830bee	63328	280779	8192	32272	29776	1	101105	35216
84.38	23341ca4e4830bee	63504	280970	8192	32272	29776	1	101101	35072
84.38	23341ca4e4830bee	63504	281161	8192	32256	29760	0	101101	35072
84.38	23341ca4e4830bee	63504	281352	8192	32256	29760	1	101099	35072
84.38	23341ca4e4830bee	63504	281544	8192	32256	29760	0	101095	35072
84.38	23341ca4e4830bee	63520	281725	8192	32304	29760	1	101103	35248
84.38	23341ca4e4830bee	63520	281917	8192	32304	29760	1	101111	35248
84.38	23341ca4e4830bee	63520	282167	8192	32304	29760	1	101099	35248
84.38	23341ca4e4830bee	63520	282358	8192	32304	29760	1	101095	35248
84.38	23341ca4e4830bee	63584	282549	8192	32288	29776	1	101105	35072
84.38	23341ca4e4830bee	63584	282740	8192	32288	29776	1	101095	35072
84.38	23341ca4e4830bee	63584	282931	8192	32288	29776	1	101103	35072
84.38	23341ca4e4830bee	63584	283122	8192	32288	29776	1	101099	35216
84.38	23341ca4e4830bee	63600	283313	8192	32304	29760	1	101103	35216
84.38	23341ca4e4830bee	63600	283504	8192	32304	29760	0	101105	35216
84.38	23341ca4e4830bee	63600	283696	8192	32304	29760	1	101103	35216
84.38	23341ca4e4830bee	63552	283887	8192	32272	29744	1	101103	35088
84.38	23341ca4e4830bee	63552	284078	8192	32272	29744	1	101105	35088
84.38	23341ca4e4830bee	63552	284269	8192	32272	29744	1	101095	35088
84.38	23341ca4e4830bee	63552	284460	8192	32272	29744	1	101089	35088
84.38	23341ca4e4830bee	63392	284651	8192	32320	29744	1	101099	35200
84.38	23341ca4e4830bee	63392	284842	8192	32320	29744	1	101107	35200
84.38	23341ca4e4830bee	63392	285034	8192	32320	29744	1	101103	35200
84.38	23341ca4e4830bee	63392	285235	8192	32320	29744	1	101109	35200
84.38	23341ca4e4830bee	63376	285416	8192	32304	29744	0	101101	35104
84.38	23341ca4e4830bee	63376	285607	8192	32304	29744	1	101099	35104
84.38	23341ca4e4830bee	63376	285798	8192	32304	29744	1	101091	35104
84.38	23341ca4e4830bee	63376	286031	8192	32304	29744	1	101105	35040
84.38	23341ca4e4830bee	63376	286222	8192	32272	29744	1	101103	35040
84.38	23341ca4e4830bee	63376	286413	8192	32272	29744	1	101103	35040
84.38	23341ca4e4830bee	63376	286604	8192	32272	29744	1	101095	35040
84.38	23341ca4e4830bee	63376	286786	8192	32288	29760	1	101111	35072
84.38	23341ca4e4830bee	63376	286977	8192	32288	29760	0	101095	35072
84.38	23341ca4e4830bee	63376	287168	8192	32288	29760	0	101105	35072
84.38	23341ca4e4830bee	63376	287359	8192	32288	29760	0	101105	35072
84.38	23341ca4e4830bee	63424	287550	8192	32272	29760	1	101105	35216
84.38	23341ca4e4830bee	63424	287741	8192	32272	29760	1	101099	35216
84.38	23341ca4e4830bee	63424	287932	8192	32272	29760	0	101107	35216
84.38	23341ca4e4830bee	63424	288124	8192	32272	29760	0	101101	35216
84.38	23341ca4e4830bee	63408	288315	8192	32256	29728	1	101099	35264
84.38	23341ca4e4830bee	63408	288496	8192	32256	29728	0	101107	35264
84.38	23341ca4e4830bee	63408	288687	8192	32256	29728	1	101099	35264
84.38	23341ca4e4830bee	63408	288878	8192	32256	29728	1	101103	35264
84.38	23341ca4e4830bee	63600	289069	8192	32272	29776	1	101103	35216
84.38	23341ca4e4830bee	63600	289261	8192	32272	29776	1	101111	35216
84.38	23341ca4e4830bee	63600	289452	8192	32272	29776	1	101103	35216
84.38	23341ca4e4830bee	63968	289643	8192	32272	29776	1	101105	35136
84.38	23341ca4e4830bee	63968	289874	8192	32256	29792	1	101107	35136
84.38	23341ca4e4830bee	63968	290065	8192	32256	29792	1	101105	35136
84.38	23341ca4e4830bee	63968	290246	8192	32256	29792	1	101103	35136
84.38	23341ca4e4830bee	64000	290437	8192	32272	29760	1	101095	35120
84.38	23341ca4e4830bee	64000	290628	8192	32272	29760	1	101105	35120
84.38	23341ca4e4830bee	64000	290819	8192	32272	29760	1	101095	35120
84.38	23341ca4e4830bee	64000	291010	8192	32272	29760	1	101099	35120
84.38	23341ca4e4830bee	63984	291201	8320	32288	29760	1	101101	35136
84.38	23341ca4e4830bee	63984	291392	8320	32288	29760	1	101107	35136
84.38	23341ca4e4830bee	63984	291583	8320	32288	29760	1	101101	35136
84.38	23341ca4e4830bee	63984	291775	8192	32288	29760	1	101101	35136
84.38	23341ca4e4830bee	63648	291966	8192	32272	29776	1	101105	35088
84.38	23341ca4e4830bee	63648	292157	8192	32272	29776	1	101107	35088
84.38	23341ca4e4830bee	63648	292348	8192	32272	29776	0	101103	35088
84.38	23341ca4e4830bee	63216	292539	8192	32272	29776	0	101105	35216
84.38	23341ca4e4830bee	63216	292730	8192	32304	29760	1	101101	35216
84.38	23341ca4e4830bee	63216	292922	8192	32304	29760	1	101105	35216
84.38	23341ca4e4830bee	63216	293113	8192	32304	29760	1	101093	35216
84.38	23341ca4e4830bee	63008	293304	8192	32288	29760	1	101105	35120
84.38	23341ca4e4830bee	63008	293495	8192	32288	29760	1	101099	35120
84.38	23341ca4e4830bee	63008	293726	8192	32288	29760	1	101101	35120
84.38	23341ca4e4830bee	63008	293917	8192	32288	29760	0	101105	35120
84.38	23341ca4e4830bee	63040	294108	8192	32208	29760	1	101105	35072
84.38	23341ca4e4830bee	63040	294299	8192	32208	29760	1	101093	35072
84.38	23341ca4e4830bee	63040	294490	8192	32208	29760	1	101099	35072
84.38	23341ca4e4830bee	63040	294681	8192	32208	29760	0	101093	35056
84.38	23341ca4e4830bee	62960	294872	8192	32304	29744	0	101107	35056
84.38	23341ca4e4830bee	62960	295064	8192	32304	29744	1	101105	35056
84.38	23341ca4e4830bee	62960	295255	8192	32304	29744	1	101091	35056
84.38	23341ca4e4830bee	62944	295446	8192	32256	29728	1	101099	35104
84.38	23341ca4e4830bee	62944	295627	8192	32256	29728	1	101095	35104
84.38	23341ca4e4830bee	62944	295818	8192	32256	29728	1	101103	35104
84.38	23341ca4e4830bee	62944	296009	8192	32256	29728	0	101099	35104
84.38	23341ca4e4830bee	62944	296200	8192	32256	29760	0	101093	35248
84.38	23341ca4e4830bee	62944	296392	8192	32256	29760	0	101099	35248
84.38	23341ca4e4830bee	62944	296583	8192	32256	29760	0	101099	35248
84.38	23341ca4e4830bee	62944	296774	8192	32256	29760	0	101105	35248
84.38	23341ca4e4830bee	62944	296965	8192	32272	29760	0	101103	35056
84.38	23341ca4e4830bee	62944	297146	8192	32272	29760	0	101105	35056
84.38	23341ca4e4830bee	62944	297338	8192	32272	29760	0	101109	35056
84.38	23341ca4e4830bee	62944	297579	8192	32272	29760	0	101111	35104
84.38	23341ca4e4830bee	62944	297770	8192	32256	29776	0	101105	35104
84.38	23341ca4e4830bee	62944	297961	8192	32256	29776	0	101103	35104
84.38	23341ca4e4830bee	62944	298152	8192	32256	29776	0	101115	35104
84.38	23341ca4e4830bee	62928	298343	8192	32224	29776	0	101103	35248
84.38	23341ca4e4830bee	62928	298534	8192	32224	29776	0	101105	35248
84.38	23341ca4e4830bee	62928	298726	8192	32224	29776	0	101105	35248
84.38	23341ca4e4830bee	62928	298907	8192	32224	29776	0	101103	35248
84.38	23341ca4e4830bee	62928	299098	8192	32256	29760	0	101103	35072
84.38	23341ca4e4830bee	62928	299289	8192	32256	29760	0	101107	35072
84.38	23341ca4e4830bee	62928	299480	8192	32256	29760	0	101107	35072
84.38	23341ca4e4830bee	62928	299671	8192	32256	29760	0	101101	35072
84.38	23341ca4e4830bee	62928	299863	8320	32288	29792	0	101107	35072
84.38	23341ca4e4830bee	62928	300054	8320	32288	29792	0	101111	35072
84.38	23341ca4e4830bee	62928	300245	8320	32288	29792	0	101107	35072
84.38	23341ca4e4830bee	62928	300427	8320	32288	29792	0	101103	35072
84.38	23341ca4e4830bee	62928	300618	8320	32304	29776	0	101099	35072
84.38	23341ca4e4830bee	62928	300809	8320	32304	29776	0	101099	35072
84.38	23341ca4e4830bee	62928	301000	8320	32304	29776	0	101111	35072
84.38	23341ca4e4830bee	62928	301192	8192	32304	29776	0	101109	35200
84.38	23341ca4e4830bee	62928	301433	8192	32208	29808	0	101103	35200
84.38	23341ca4e4830bee	62928	301624	8192	32208	29808	0	101095	35200
84.38	23341ca4e4830bee	62928	301816	8192	32208	29808	0	101103	35200
84.38	23341ca4e4830bee	62928	302016	8192	32288	29776	0	101099	35040
84.38	23341ca4e4830bee	62928	302207	8192	32288	29776	0	101105	35040
84.38	23341ca4e4830bee	62928	302398	8192	32288	29776	0	101099	35040
84.38	23341ca4e4830bee	62928	302589	8192	32288	29776	0	101103	35040
84.38	23341ca4e4830bee	62928	302780	8192	32256	29776	0	101103	35088
84.38	23341ca4e4830bee	62928	302971	8192	32256	29776	0	101105	35088
84.38	23341ca4e4830bee	62928	303163	8192	32256	29776	0	101099	35088
84.38	23341ca4e4830bee	62928	303354	8320	32256	29776	0	101095	35200
84.38	23341ca4e4830bee	62928	303545	8320	32288	29744	0	101093	35200
84.38	23341ca4e4830bee	62928	303736	8320	32288	29744	0	101105	35200
84.38	23341ca4e4830bee	62928	303917	8320	32288	29744	0	101093	35200
84.38	23341ca4e4830bee	62928	304120	8192	32272	29728	0	101111	35264
84.38	23341ca4e4830bee	62928	304312	8192	32272	29728	0	101101	35264
84.56	23341ca4e4830bee	62928	304503	8192	32272	29728	0	101105	35264
84.38	23341ca4e4830bee	62928	304694	8192	32272	29728	0	101103	35264
84.56	23341ca4e4830bee	62928	304885	8192	32272	29760	0	101105	35120
84.38	23341ca4e4830bee	62928	305077	8192	32272	29760	0	101101	35120
84.38	23341ca4e4830bee	62928	305304	8192	32272	29760	0	101103	35120
84.38	23341ca4e4830bee	62928	305495	8192	32272	29760	0	101103	35120
84.56	23341ca4e4830bee	62928	305686	8192	32272	29792	0	101093	35168
84.56	23341ca4e4830bee	62928	305868	8192	32272	29792	0	101101	35168
84.56	23341ca4e4830bee	62928	306059	8192	32272	29792	0	101105	35168
84.38	23341ca4e4830bee	62928	306250	8192	32272	29792	0	101101	35200
84.56	23341ca4e4830bee	62928	306441	8192	32272	29792	0	101105	35200
84.56	23341ca4e4830bee	62928	306632	8192	32272	29792	0	101105	35200
84.38	23341ca4e4830bee	62928	306823	8192	32272	29792	0	101095	35200
84.56	23341ca4e4830bee	62928	307014	8192	32288	29760	0	101101	35120
84.56	23341ca4e4830bee	62928	307205	8192	32288	29760	0	101103	35120
84.56	23341ca4e4830bee	62928	307396	8192	32288	29760	0	101101	35120
84.56	23341ca4e4830bee	62928	307577	8192	32288	29760	0	101099	35120
84.56	23341ca4e4830bee	62928	307769	8192	32240	29776	0	101099	35088
84.56	23341ca4e4830bee	62928	307960	8192	32240	29776	0	101099	35088
84.56	23341ca4e4830bee	62928	308151	8192	32240	29776	0	101101	35088
84.56	23341ca4e4830bee	62928	308342	8192	32240	29776	0	101101	35088
84.56	23341ca4e4830bee	62928	308533	8192	32256	29776	0	101099	35168
84.38	23341ca4e4830bee	62928	308725	8192	32256	29776	0	101095	35168
84.56	23341ca4e4830bee	62928	308916	8192	32256	29776	0	101099	35168
84.56	23341ca4e4830bee	62928	309137	8192	32256	29776	0	101093	35200
84.56	23341ca4e4830bee	62928	309318	8192	32256	29792	0	101099	35200
84.56	23341ca4e4830bee	62928	309509	8192	32256	29792	0	101109	35200
84.56	23341ca4e4830bee	62928	309700	8192	32256	29792	0	101111	35200
84.56	23341ca4e4830bee	62928	309891	8192	32288	29792	0	101099	35248
84.56	23341ca4e4830bee	62928	310082	8192	32288	29760	0	101099	35248
84.56	23341ca4e4830bee	62928	310273	8192	32288	29760	0	101091	35248
84.56	23341ca4e4830bee	62928	310465	8192	32288	29760	0	101099	35248
84.56	23341ca4e4830bee	62928	310656	8192	32272	29792	0	101105	35104
84.56	23341ca4e4830bee	62928	310847	8192	32272	29792	0	101095	35104
84.56	23341ca4e4830bee	62928	311028	8192	32272	29792	0	101101	35104
84.56	23341ca4e4830bee	62928	311220	8192	32272	29792	0	101103	35104
84.56	23341ca4e4830bee	62928	311411	8192	32240	29776	0	101095	35072
84.56	23341ca4e4830bee	62928	311602	8192	32240	29776	0	101105	35072
84.56	23341ca4e4830bee	62928	311793	8192	32240	29776	0	101113	35072
84.56	23341ca4e4830bee	62928	311984	8192	32240	29776	0	101109	35072
84.56	23341ca4e4830bee	62928	312176	8192	32256	29744	0	101101	35072
84.56	23341ca4e4830bee	62928	312367	8192	32256	29744	0	101089	35072
84.56	23341ca4e4830bee	62928	312548	8192	32256	29744	0	101103	35072
84.56	23341ca4e4830bee	62928	312739	8192	32256	29744	0	101105	35088
84.56	23341ca4e4830bee	62928	312978	8192	32256	29760	0	101103	35088
84.56	23341ca4e4830bee	62928	313169	8192	32256	29760	0	101105	35088
84.56	23341ca4e4830bee	62928	313360	8192	32256	29760	0	101105	35088
84.56	23341ca4e4830bee	62928	313551	8320	32256	29760	0	101093	35216
84.56	23341ca4e4830bee	62928	313742	8320	32256	29760	0	101105	35216
84.56	23341ca4e4830bee	62928	313933	8320	32256	29760	0	101093	35216
84.56	23341ca4e4830bee	62928	314125	8320	32256	29760	0	101093	35216
84.56	23341ca4e4830bee	62912	314316	8192	32272	29760	0	101101	35248
84.56	23341ca4e4830bee	62912	314507	8192	32272	29760	0	101107	35248
84.56	23341ca4e4830bee	62912	314698	8192	32272	29760	0	101091	35248
84.56	23341ca4e4830bee	62912	314889	8320	32272	29760	0	101105	35248
84.56	23341ca4e4830bee	62928	315080	8320	32272	29792	0	101095	35072
84.56	23341ca4e4830bee	62928	315271	8320	32272	29792	0	101103	35072
84.56	23341ca4e4830bee	62928	315462	8320	32272	29792	0	101109	35072
84.56	23341ca4e4830bee	62928	315654	8192	32272	29792	0	101101	35136
84.56	23341ca4e4830bee	62928	315845	8192	32256	29792	0	101095	35136
84.56	23341ca4e4830bee	62928	316036	8192	32256	29792	0	101091	35136
84.56	23341ca4e4830bee	62928	316228	8192	32256	29792	0	101101	35136
84.56	23341ca4e4830bee	62928	316427	8192	32256	29760	0	101103	35248
84.56	23341ca4e4830bee	62928	316618	8192	32256	29760	0	101107	35248
84.56	23341ca4e4830bee	62928	316860	8192	32256	29760	0	101101	35248
84.56	23341ca4e4830bee	62928	317051	8192	32256	29760	0	101103	35248
84.56	23341ca4e4830bee	62928	317242	8192	32256	29760	0	101095	35056
84.56	23341ca4e4830bee	62928	317434	8192	32256	29760	0	101107	35056
84.56	23341ca4e4830bee	62928	317625	8192	32256	29760	0	101101	35056
84.56	23341ca4e4830bee	62928	317816	8192	32256	29760	0	101103	35072
84.56	23341ca4e4830bee	62928	318007	8192	32256	29776	0	101095	35072
84.56	23341ca4e4830bee	62928	318198	8192	32256	29776	0	101107	35072
84.56	23341ca4e4830bee	62928	318379	8192	32256	29776	0	101095	35072
84.56	23341ca4e4830bee	62912	318570	8192	32256	29760	0	101101	35072
84.56	23341ca4e4830bee	62912	318761	8192	32256	29760	0	101113	35072
84.56	23341ca4e4830bee	62912	318952	8192	32256	29760	0	101101	35072
84.56	23341ca4e4830bee	62912	319148	8192	32256	29760	0	101101	35072
84.56	23341ca4e4830bee	62928	319329	8320	32272	29776	0	101101	35232
84.56	23341ca4e4830bee	62928	319520	8320	32272	29776	0	101093	35232
84.56	23341ca4e4830bee	62928	319711	8320	32272	29776	0	101095	35232
84.56	23341ca4e4830bee	62928	319903	8320	32272	29776	0	101093	35232
84.56	23341ca4e4830bee	62928	320094	8192	32272	29792	0	101101	35216
84.56	23341ca4e4830bee	62928	320285	8192	32272	29792	0	101103	35216
84.56	23341ca4e4830bee	62928	320477	8192	32272	29792	0	101101	35216
84.56	23341ca4e4830bee	62928	320712	8192	32272	29792	0	101105	35040
84.56	23341ca4e4830bee	62928	320903	8192	32288	29792	0	101101	35040
84.56	23341ca4e4830bee	62928	321094	8192	32288	29792	0	101105	35040
84.56	23341ca4e4830bee	62928	321285	8192	32288	29792	0	101099	35040
84.56	23341ca4e4830bee	62912	321476	8192	32256	29776	0	101115	35232
84.56	23341ca4e4830bee	62912	321667	8192	32256	29776	0	101101	35232
84.56	23341ca4e4830bee	62912	321859	8192	32256	29776	0	101099	35232
84.56	23341ca4e4830bee	62912	322040	8192	32256	29776	0	101099	35232
84.56	23341ca4e4830bee	62912	322231	8320	32256	29792	0	101093	35248
84.56	23341ca4e4830bee	62912	322423	8320	32256	29792	0	101099	35248
84.56	23341ca4e4830bee	62912	322614	8320	32256	29792	0	101089	35248
84.56	23341ca4e4830bee	62912	322805	8320	32256	29792	0	101105	35248
84.56	23341ca4e4830bee	62912	322996	8192	32288	29760	0	101101	35008
84.56	23341ca4e4830bee	62912	323187	8192	32288	29760	0	101109	35008
84.56	23341ca4e4830bee	62912	323378	8192	32288	29760	0	101109	35008
84.56	23341ca4e4830bee	62912	323559	8192	32288	29760	0	101101	35008
84.56	23341ca4e4830bee	62928	323751	8192	32304	29760	0	101087	35200
84.56	23341ca4e4830bee	62928	323942	8192	32304	29760	0	101093	35200
84.56	23341ca4e4830bee	62928	324133	8192	32304	29760	0	101105	35200
84.56	23341ca4e4830bee	62928	324324	8320	32304	29760	0	101095	35072
84.56	23341ca4e4830bee	62928	324564	8320	32272	29776	0	101099	35072
84.56	23341ca4e4830bee	62928	324755	8320	32272	29776	0	101099	35072
84.56	23341ca4e4830bee	62928	324946	8320	32272	29776	0	101093	35072
84.56	23341ca4e4830bee	62928	325137	8192	32256	29744	0	101099	35248
84.56	23341ca4e4830bee	62928	325328	8192	32256	29744	0	101101	35248
84.56	23341ca4e4830bee	62928	325519	8192	32256	29744	0	101099	35248
84.56	23341ca4e4830bee	62928	325710	8192	32256	29744	0	101105	35248
84.56	23341ca4e4830bee	62928	325901	8192	32272	29776	0	101105	35232
84.56	23341ca4e4830bee	62928	326092	8192	32272	29776	0	101095	35232
84.56	23341ca4e4830bee	62928	326284	8192	32272	29776	0	101109	35232
84.56	23341ca4e4830bee	62928	326475	8192	32272	29776	0	101103	35040
84.56	23341ca4e4830bee	62928	326666	8192	32272	29776	0	101103	35040
84.56	23341ca4e4830bee	62928	326857	8192	32272	29776	0	101091	35040
84.56	23341ca4e4830bee	62928	327048	8192	32272	29776	0	101093	35040
84.56	23341ca4e4830bee	62928	327230	8192	32272	29776	0	101093	35072
84.56	23341ca4e4830bee	62928	327421	8192	32272	29760	0	101099	35072
84.56	23341ca4e4830bee	62928	327613	8192	32272	29760	0	101107	35072
84.56	23341ca4e4830bee	62928	327804	8192	32272	29760	0	101101	35072
84.56	23341ca4e4830bee	62928	327995	8192	32256	29760	0	101099	35216
84.56	23341ca4e4830bee	62928	328186	8192	32256	29760	0	101095	35216
84.56	23341ca4e4830bee	62928	328418	8192	32256	29760	0	101111	35216
84.56	23341ca4e4830bee	62928	328609	8192	32256	29760	0	101103	35216
84.56	23341ca4e4830bee	62928	328790	8192	32256	29760	0	101099	35072
84.56	23341ca4e4830bee	62928	328982	8192	32256	29760	0	101099	35072
84.56	23341ca4e4830bee	62928	329173	8192	32256	29760	0	101085	35072
84.56	23341ca4e4830bee	62928	329364	8192	32256	29760	0	101095	35056
84.56	23341ca4e4830bee	62928	329555	8192	32256	29760	0	101103	35056
84.56	23341ca4e4830bee	62928	329746	8192	32256	29760	0	101103	35056
84.56	23341ca4e4830bee	62928	329937	8192	32256	29760	0	101101	35056
84.56	23341ca4e4830bee	62928	330128	8320	32288	29744	0	101095	35152
84.56	23341ca4e4830bee	62928	330319	8320	32288	29744	0	101095	35152
84.56	23341ca4e4830bee	62928	330500	8320	32288	29744	0	101095	35152
84.56	23341ca4e4830bee	62928	330692	8320	32288	29744	0	101095	35152
84.56	23341ca4e4830bee	62912	330883	8192	32256	29744	0	101107	35232
84.56	23341ca4e4830bee	62912	331074	8192	32256	29744	0	101093	35232
84.56	23341ca4e4830bee	62912	331265	8192	32256	29744	0	101093	35232
84.56	23341ca4e4830bee	62912	331456	8192	32256	29744	0	101095	35232
84.56	23341ca4e4830bee	62928	331647	8192	32288	29744	0	101095	35232
84.56	23341ca4e4830bee	62928	331839	8192	32288	29744	0	101095	35232
84.56	23341ca4e4830bee	62928	332020	8192	32288	29744	0	101099	35232
84.56	23341ca4e4830bee	62928	332260	8192	32288	29744	0	101093	35056
84.56	23341ca4e4830bee	62928	332451	8192	32240	29776	0	101093	35056
84.56	23341ca4e4830bee	62928	332642	8192	32240	29776	0	101095	35056
84.56	23341ca4e4830bee	62928	332833	8192	32240	29776	0	101101	35056
84.56	23341ca4e4830bee	62928	333034	8192	32256	29744	0	101103	35072
84.56	23341ca4e4830bee	62928	333226	8192	32256	29744	0	101093	35072
84.56	23341ca4e4830bee	62928	333417	8192	32256	29744	0	101101	35072
84.56	23341ca4e4830bee	62928	333608	8192	32256	29744	0	101103	35072
84.56	23341ca4e4830bee	62928	333799	8192	32272	29776	0	101101	35040
84.56	23341ca4e4830bee	62928	333981	8192	32272	29776	0	101107	35040
84.56	23341ca4e4830bee	62928	334172	8192	32272	29776	0	101101	35040
84.56	23341ca4e4830bee	62928	334363	8192	32272	29776	0	101101	35040
84.56	23341ca4e4830bee	62928	334554	8192	32304	29776	0	101101	35280
84.56	23341ca4e4830bee	62928	334745	8192	32304	29776	0	101103	35280
84.56	23341ca4e4830bee	62928	334936	8192	32304	29776	0	101107	35280
84.56	23341ca4e4830bee	62928	335128	8320	32304	29776	0	101099	35280
84.56	23341ca4e4830bee	62928	335319	8320	32256	29760	0	101095	35248
84.56	23341ca4e4830bee	62928	335510	8320	32256	29760	0	101091	35248
84.56	23341ca4e4830bee	62928	335701	8320	32256	29760	0	101093	35248
84.56	23341ca4e4830bee	62912	335892	8192	32288	29760	0	101101	35200
84.56	23341ca4e4830bee	62912	336137	8192	32288	29776	0	101101	35200
84.56	23341ca4e4830bee	62912	336328	8192	32288	29776	0	101099	35200
84.56	23341ca4e4830bee	62912	336519	8192	32288	29776	0	101111	35200
84.74	23341ca4e4830bee	62912	336710	8192	32272	29744	0	101111	35280
84.56	23341ca4e4830bee	62912	336901	8192	32272	29744	0	101093	35280
84.74	23341ca4e4830bee	62912	337093	8192	32272	29744	0	101111	35280
84.74	23341ca4e4830bee	62912	337284	8192	32272	29744	0	101105	35280
84.74	23341ca4e4830bee	62928	337475	8192	32272	29760	0	101099	35104
84.56	23341ca4e4830bee	62928	337666	8192	32272	29760	0	101099	35104
84.74	23341ca4e4830bee	62928	337857	8192	32272	29760	0	101099	35104
84.74	23341ca4e4830bee	62928	338048	8320	32272	29760	0	101101	35072
84.74	23341ca4e4830bee	62928	338239	8320	32304	29760	0	101099	35072
84.74	23341ca4e4830bee	62928	338421	8320	32304	29760	0	101107	35072
84.74	23341ca4e4830bee	62928	338612	8320	32304	29760	0	101095	35072
84.74	23341ca4e4830bee	62928	338803	8320	32256	29760	0	101101	35104
84.74	23341ca4e4830bee	62928	339007	8320	32256	29760	0	101107	35104
84.74	23341ca4e4830bee	62928	339198	8320	32256	29760	0	101105	35104
84.74	23341ca4e4830bee	62928	339389	8320	32256	29760	0	101101	35104
84.74	23341ca4e4830bee	62928	339581	8192	32288	29776	0	101103	35056
84.74	23341ca4e4830bee	62928	339772	8192	32288	29776	0	101103	35056
84.74	23341ca4e4830bee	62928	340012	8192	32288	29776	0	101103	35056
84.74	23341ca4e4830bee	62928	340204	8192	32288	29776	0	101113	35040
84.74	23341ca4e4830bee	62928	340400	8192	32288	29744	0	101099	35040
84.74	23341ca4e4830bee	62928	340591	8192	32288	29744	0	101103	35040
84.74	23341ca4e4830bee	62928	340772	8192	32288	29744	0	101095	35040
84.74	23341ca4e4830bee	62928	340963	8320	32304	29776	0	101103	35184
84.74	23341ca4e4830bee	62928	341154	8320	32304	29776	0	101101	35184
84.74	23341ca4e4830bee	62928	341345	8320	32304	29776	0	101107	35184
84.74	23341ca4e4830bee	62928	341536	8320	32304	29776	0	101101	35184
84.74	23341ca4e4830bee	62928	341728	8192	32288	29776	0	101101	35296
84.74	23341ca4e4830bee	62928	341919	8192	32288	29776	0	101107	35296
84.74	23341ca4e4830bee	62928	342110	8192	32288	29776	0	101103	35296
84.74	23341ca4e4830bee	62928	342291	8192	32288	29776	0	101101	35296
84.74	23341ca4e4830bee	62928	342483	8320	32224	29760	0	101107	35280
84.74	23341ca4e4830bee	62928	342674	8320	32224	29760	0	101101	35280
84.74	23341ca4e4830bee	62928	342865	8320	32224	29760	0	101101	35280
84.74	23341ca4e4830bee	62928	343065	8320	32224	29760	0	101093	35280
84.74	23341ca4e4830bee	62928	343256	8320	32304	29792	0	101091	35088
84.74	23341ca4e4830bee	62928	343447	8320	32304	29792	0	101107	35088
84.74	23341ca4e4830bee	62928	343638	8320	32304	29792	0	101107	35088
84.74	23341ca4e4830bee	62928	343870	8192	32272	29760	0	101107	35280
84.74	23341ca4e4830bee	62928	344061	8192	32272	29760	0	101101	35280
84.74	23341ca4e4830bee	62928	344242	8192	32272	29760	0	101101	35280
84.74	23341ca4e4830bee	62928	344433	8192	32272	29760	0	101101	35280
84.74	23341ca4e4830bee	62928	344624	8320	32288	29728	0	101113	35200
84.74	23341ca4e4830bee	62928	344815	8320	32288	29728	0	101099	35200
84.74	23341ca4e4830bee	62928	345006	8320	32288	29728	0	101107	35200
84.74	23341ca4e4830bee	62928	345217	8192	32288	29728	0	101105	35200
84.74	23341ca4e4830bee	62928	345408	8192	32272	29744	0	101101	35056
84.74	23341ca4e4830bee	62928	345599	8192	32272	29744	0	101107	35056
84.74	23341ca4e4830bee	62928	345790	8192	32272	29744	0	101101	35056
84.74	23341ca4e4830bee	62928	345982	8320	32272	29744	0	101093	34960
84.74	23341ca4e4830bee	62928	346173	8320	32288	29744	0	101099	34960
84.74	23341ca4e4830bee	62928	346364	8320	32288	29744	0	101107	34960
84.74	23341ca4e4830bee	62928	346555	8320	32288	29744	0	101099	34960
84.74	23341ca4e4830bee	62928	346746	8192	32256	29760	0	101101	35312
84.74	23341ca4e4830bee	62928	346938	8192	32256	29760	0	101107	35312
84.74	23341ca4e4830bee	62928	347129	8192	32256	29760	0	101101	35312
84.74	23341ca4e4830bee	62928	347320	8192	32256	29760	0	101107	35312
84.74	23341ca4e4830bee	62928	347511	8192	32240	29776	0	101107	35088
84.74	23341ca4e4830bee	62928	347740	8192	32240	29776	0	101101	35088
84.74	23341ca4e4830bee	62928	347931	8192	32240	29776	0	101099	35088
84.74	23341ca4e4830bee	62928	348112	8192	32240	29776	0	101099	35088
84.74	23341ca4e4830bee	62928	348304	8192	32304	29792	0	101095	35248
84.74	23341ca4e4830bee	62928	348495	8192	32304	29792	0	101101	35248
84.74	23341ca4e4830bee	62928	348686	8192	32304	29792	0	101089	35248
84.74	23341ca4e4830bee	62928	348877	8192	32304	29792	0	101101	35328
84.74	23341ca4e4830bee	62928	349068	8192	32240	29744	0	101107	35328
84.74	23341ca4e4830bee	62928	349259	8192	32240	29744	0	101105	35328
84.74	23341ca4e4830bee	62928	349450	8192	32240	29744	0	101107	35328
84.74	23341ca4e4830bee	62912	349641	8320	32288	29776	0	101093	35168
84.74	23341ca4e4830bee	62912	349822	8320	32288	29776	0	101101	35168
84.74	23341ca4e4830bee	62912	350017	8320	32288	29776	0	101101	35168
84.74	23341ca4e4830bee	62912	350208	8320	32288	29776	0	101107	35168
84.74	23341ca4e4830bee	62912	350399	8192	32256	29776	0	101099	35024
84.74	23341ca4e4830bee	62912	350590	8192	32256	29776	0	101107	35024
84.74	23341ca4e4830bee	62912	350781	8192	32256	29776	0	101093	35024
84.74	23341ca4e4830bee	62912	350963	8192	32256	29776	0	101117	35024
84.74	23341ca4e4830bee	62912	351154	8192	32272	29776	0	101105	35248
84.74	23341ca4e4830bee	62912	351345	8192	32272	29776	0	101099	35248
84.74	23341ca4e4830bee	62912	351584	8192	32272	29776	0	101093	35248
84.74	23341ca4e4830bee	62928	351775	8320	32272	29776	0	101107	35136
84.74	23341ca4e4830bee	62928	351966	8320	32256	29792	0	101091	35136
84.74	23341ca4e4830bee	62928	352157	8320	32256	29792	0	101093	35136
84.74	23341ca4e4830bee	62928	352349	8320	32256	29792	0	101105	35136
84.74	23341ca4e4830bee	62912	352540	8320	32272	29808	0	101103	35088
84.74	23341ca4e4830bee	62912	352731	8320	32272	29808	0	101107	35088
84.74	23341ca4e4830bee	62912	352922	8320	32272	29808	0	101101	35088
84.74	23341ca4e4830bee	62912	353103	8320	32272	29808	0	101099	35088
84.74	23341ca4e4830bee	62912	353294	8320	32240	29760	0	101107	35008
84.74	23341ca4e4830bee	62912	353486	8320	32240	29760	0	101087	35008
84.74	23341ca4e4830bee	62912	353677	8320	32240	29760	0	101093	35008
84.74	23341ca4e4830bee	62912	353868	8320	32240	29760	0	101089	35008
84.74	23341ca4e4830bee	62912	354059	8192	32272	29808	0	101105	35056
84.74	23341ca4e4830bee	62912	354250	8192	32272	29808	0	101109	35056
84.74	23341ca4e4830bee	62912	354441	8192	32272	29808	0	101103	35056
84.74	23341ca4e4830bee	62912	354633	8192	32272	29808	0	101101	35056
84.74	23341ca4e4830bee	62912	354824	8192	32272	29792	0	101103	35104
84.74	23341ca4e4830bee	62912	355018	8192	32272	29792	0	101093	35104
84.74	23341ca4e4830bee	62912	355210	8192	32272	29792	0	101105	35104
84.74	23341ca4e4830bee	62912	355440	8192	32272	29792	0	101099	35104
84.74	23341ca4e4830bee	62912	355632	8192	32272	29792	0	101101	35104
84.74	23341ca4e4830bee	62912	355823	8192	32272	29792	0	101107	35104
84.74	23341ca4e4830bee	62912	356004	8192	32272	29792	0	101101	35104
84.74	23341ca4e4830bee	62912	356195	8192	32272	29776	0	101103	35280
84.74	23341ca4e4830bee	62912	356386	8192	32272	29776	0	101093	35280
84.74	23341ca4e4830bee	62912	356577	8192	32272	29776	0	101095	35280
84.74	23341ca4e4830bee	62912	356768	8192	32272	29776	0	101099	35280
84.74	23341ca4e4830bee	62912	356959	8192	32272	29808	0	101111	35120
84.74	23341ca4e4830bee	62912	357150	8192	32272	29808	0	101113	35120
84.74	23341ca4e4830bee	62912	357341	8192	32272	29808	0	101107	35120
84.74	23341ca4e4830bee	62912	357532	8320	32272	29808	0	101099	35248
84.74	23341ca4e4830bee	62928	357714	8320	32240	29776	0	101107	35248
84.74	23341ca4e4830bee	62928	357905	8320	32240	29776	0	101107	35248
84.74	23341ca4e4830bee	62928	358096	8320	32240	29776	0	101099	35248
84.74	23341ca4e4830bee	62912	358287	8192	32240	29776	0	101093	35072
84.74	23341ca4e4830bee	62912	358479	8192	32304	29776	0	101095	35072
84.74	23341ca4e4830bee	62912	358670	8192	32304	29776	0	101093	35072
84.74	23341ca4e4830bee	62912	358861	8192	32304	29776	0	101087	35072
84.74	23341ca4e4830bee	62912	359052	8192	32272	29760	0	101101	35104
84.74	23341ca4e4830bee	62912	359281	8192	32272	29760	0	101103	35104
84.74	23341ca4e4830bee	62912	359472	8192	32272	29760	0	101093	35104
84.74	23341ca4e4830bee	62912	359663	8192	32272	29760	0	101091	35104
84.74	23341ca4e4830bee	62912	359865	8192	32288	29744	0	101107	35104
84.74	23341ca4e4830bee	62912	360056	8192	32288	29744	0	101099	35104
84.74	23341ca4e4830bee	62912	360247	8192	32288	29744	0	101103	35104
84.74	23341ca4e4830bee	62912	360438	8320	32288	29744	0	101101	35280
84.74	23341ca4e4830bee	62912	360630	8320	32272	29760	0	101095	35280
84.74	23341ca4e4830bee	62912	360821	8320	32272	29760	0	101103	35280
84.74	23341ca4e4830bee	62912	361012	8320	32272	29760	0	101101	35280
84.74	23341ca4e4830bee	62912	361203	8192	32272	29760	0	101103	35216
84.74	23341ca4e4830bee	62912	361384	8192	32272	29760	0	101095	35216
84.74	23341ca4e4830bee	62912	361575	8192	32272	29760	0	101101	35216
84.74	23341ca4e4830bee	62912	361766	8192	32272	29760	0	101093	35216
84.74	23341ca4e4830bee	62912	361957	8192	32272	29792	0	101099	35216
84.74	23341ca4e4830bee	62912	362149	8192	32272	29792	0	101101	35216
84.74	23341ca4e4830bee	62912	362340	8192	32272	29792	0	101113	35216
84.74	23341ca4e4830bee	62912	362531	8192	32272	29792	0	101089	35216
84.74	23341ca4e4830bee	62912	362722	8192	32272	29792	0	101099	35232
84.74	23341ca4e4830bee	62912	362904	8192	32272	29792	0	101107	35232
84.74	23341ca4e4830bee	62912	363143	8192	32272	29792	0	101107	35232
84.74	23341ca4e4830bee	62912	363324	8320	32272	29792	0	101091	35040
84.74	23341ca4e4830bee	62912	363515	8320	32256	29744	0	101107	35040
84.74	23341ca4e4830bee	62912	363706	8320	32256	29744	0	101091	35040
84.74	23341ca4e4830bee	62912	363897	8320	32256	29744	0	101093	35040
84.74	23341ca4e4830bee	62912	364088	8192	32256	29776	0	101099	35088
84.74	23341ca4e4830bee	62912	364280	8192	32256	29776	0	101093	35088
84.74	23341ca4e4830bee	62912	364471	8192	32256	29776	0	101107	35088
84.74	23341ca4e4830bee	62912	364662	8192	32256	29776	0	101103	35088
84.74	23341ca4e4830bee	62912	364853	8320	32240	29744	0	101101	35088
84.74	23341ca4e4830bee	62912	365034	8320	32240	29744	0	101107	35088
84.74	23341ca4e4830bee	62912	365226	8320	32240	29744	0	101095	35088
84.74	23341ca4e4830bee	62912	365417	8320	32240	29744	0	101103	35088
84.74	23341ca4e4830bee	62912	365608	8192	32256	29744	0	101093	35280
84.74	23341ca4e4830bee	62912	365799	8192	32256	29744	0	101099	35280
84.74	23341ca4e4830bee	62912	365991	8192	32256	29744	0	101107	35280
84.74	23341ca4e4830bee	62912	366182	8192	32256	29744	0	101105	35280
84.74	23341ca4e4830bee	62912	366373	8192	32240	29744	0	101093	35088
84.74	23341ca4e4830bee	62912	366554	8192	32240	29744	0	101093	35088
84.74	23341ca4e4830bee	62912	366745	8192	32240	29744	0	101101	35088
84.74	23341ca4e4830bee	62912	366988	8320	32272	29760	0	101101	35088
84.74	23341ca4e4830bee	62912	367179	8320	32272	29760	0	101107	35088
84.74	23341ca4e4830bee	62912	367370	8320	32272	29760	0	101101	35088
84.74	23341ca4e4830bee	62912	367561	8320	32272	29760	0	101093	35088
84.74	23341ca4e4830bee	62912	367752	8192	32272	29760	0	101107	35056
84.74	23341ca4e4830bee	62912	367943	8192	32272	29760	0	101093	35056
84.74	23341ca4e4830bee	62912	368134	8192	32272	29760	0	101101	35056
84.74	23341ca4e4830bee	62912	368315	8192	32272	29760	0	101093	35056
84.74	23341ca4e4830bee	62912	368506	8192	32272	29776	0	101091	35072
84.74	23341ca4e4830bee	62912	368697	8192	32272	29776	0	101101	35072
84.74	23341ca4e4830bee	62912	368888	8192	32272	29776	0	101099	35072
84.74	23341ca4e4830bee	62912	369080	8192	32272	29776	0	101101	35072
84.74	23341ca4e4830bee	62912	369271	8192	32224	29808	0	101107	35232
84.74	23341ca4e4830bee	62912	369462	8192	32224	29808	0	101103	35232
84.74	23341ca4e4830bee	62912	369653	8192	32224	29808	0	101093	35232
84.74	23341ca4e4830bee	62912	369844	8320	32224	29808	0	101105	35104
84.74	23341ca4e4830bee	62912	370035	8320	32288	29792	0	101099	35104
84.74	23341ca4e4830bee	62912	370227	8320	32288	29792	0	101109	35104
84.74	23341ca4e4830bee	62912	370419	8320	32288	29792	0	101107	35104
84.74	23341ca4e4830bee	62912	370610	8320	32256	29792	0	101099	35056
84.74	23341ca4e4830bee	62912	370843	8320	32256	29792	0	101103	35056
84.74	23341ca4e4830bee	62912	371034	8320	32256	29792	0	101101	35056
84.74	23341ca4e4830bee	62912	371215	8320	32256	29792	0	101115	35056
84.74	23341ca4e4830bee	62912	371406	8192	32256	29760	0	101105	35056
84.74	23341ca4e4830bee	62912	371597	8192	32256	29760	0	101099	35056
84.74	23341ca4e4830bee	62912	371788	8192	32256	29760	0	101109	35056
84.74	23341ca4e4830bee	62912	372000	8320	32256	29760	0	101103	35120
84.74	23341ca4e4830bee	62912	372203	8320	32240	29776	0	101115	35120
84.74	23341ca4e4830bee	62912	372394	8320	32240	29776	0	101099	35120
84.74	23341ca4e4830bee	62912	372575	8320	32240	29776	0	101113	35120
84.74	23341ca4e4830bee	62912	372771	8320	32304	29760	0	101093	35232
84.74	23341ca4e4830bee	62912	372963	8320	32304	29760	0	101093	35232
84.74	23341ca4e4830bee	62912	373154	8320	32304	29760	0	101105	35232
84.74	23341ca4e4830bee	62912	373335	8320	32304	29760	0	101095	35232
84.74	23341ca4e4830bee	62912	373539	8192	32240	29760	0	101101	35184
84.74	23341ca4e4830bee	62912	373731	8192	32240	29760	0	101103	35184
84.74	23341ca4e4830bee	62912	373922	8192	32240	29760	0	101107	35184
84.74	23341ca4e4830bee	62912	374113	8192	32240	29760	0	101101	35184
84.74	23341ca4e4830bee	62912	374305	8320	32272	29744	0	101091	35248
84.74	23341ca4e4830bee	62912	374486	8320	32272	29744	0	101095	35248
84.74	23341ca4e4830bee	62912	374730	8320	32272	29744	0	101093	35248
84.74	23341ca4e4830bee	62912	374921	8192	32256	29744	0	101095	35184
84.74	23341ca4e4830bee	62912	375112	8192	32256	29744	0	101109	35184
84.74	23341ca4e4830bee	62912	375303	8192	32256	29744	0	101095	35184
84.74	23341ca4e4830bee	62912	375495	8192	32256	29744	0	101101	35184
84.74	23341ca4e4830bee	62912	375676	8320	32256	29776	0	101107	35248
84.74	23341ca4e4830bee	62912	375867	8320	32256	29776	0	101101	35248
84.74	23341ca4e4830bee	62912	376058	8320	32256	29776	0	101109	35248
84.74	23341ca4e4830bee	62912	376249	8320	32256	29776	0	101107	35248
84.74	23341ca4e4830bee	62912	376440	8192	32288	29760	0	101107	35104
84.74	23341ca4e4830bee	62912	376631	8192	32288	29760	0	101105	35104
84.74	23341ca4e4830bee	62912	376822	8192	32288	29760	0	101105	35104
84.74	23341ca4e4830bee	62912	377013	8192	32288	29760	0	101105	35104
84.74	23341ca4e4830bee	62912	377205	8192	32256	29760	0	101107	35200
84.74	23341ca4e4830bee	62912	377386	8192	32256	29760	0	101107	35200
84.74	23341ca4e4830bee	62912	377577	8192	32256	29760	0	101105	35200
84.74	23341ca4e4830bee	62912	377768	8192	32256	29760	0	101101	35216
84.74	23341ca4e4830bee	62912	377959	8192	32256	29776	0	101113	35216
84.74	23341ca4e4830bee	62912	378151	8192	32256	29776	0	101109	35216
84.74	23341ca4e4830bee	62912	378342	8192	32256	29776	0	101101	35216
84.74	23341ca4e4830bee	62912	378575	8320	32272	29760	0	101109	35264
84.74	23341ca4e4830bee	62912	378756	8320	32272	29760	0	101101	35264
84.74	23341ca4e4830bee	62912	378947	8320	32272	29760	0	101099	35264
84.74	23341ca4e4830bee	62912	379144	8320	32272	29760	0	101099	35264
84.74	23341ca4e4830bee	62912	379335	8320	32272	29744	0	101099	35056
84.74	23341ca4e4830bee	62912	379516	8320	32272	29744	0	101107	35056
84.74	23341ca4e4830bee	62912	379707	8320	32272	29744	0	101105	35056
84.74	23341ca4e4830bee	62912	379898	8320	32272	29744	0	101099	35056
84.74	23341ca4e4830bee	62912	380089	8320	32256	29744	0	101107	35184
84.74	23341ca4e4830bee	62912	380280	8320	32256	29744	0	101103	35184
84.74	23341ca4e4830bee	62912	380471	8320	32256	29744	0	101103	35184
84.74	23341ca4e4830bee	62912	380663	8320	32256	29744	0	101103	35088
84.74	23341ca4e4830bee	62912	380854	8320	32288	29776	0	101093	35088
84.74	23341ca4e4830bee	62912	381057	8320	32288	29776	0	101103	35088
84.74	23341ca4e4830bee	62912	381248	8320	32288	29776	0	101101	35088
84.74	23341ca4e4830bee	62912	381439	8320	32288	29760	0	101099	35216
84.74	23341ca4e4830bee	62912	381630	8320	32288	29760	0	101101	35216
84.74	23341ca4e4830bee	62912	381821	8320	32288	29760	0	101099	35216
84.74	23341ca4e4830bee	62912	382013	8320	32288	29760	0	101093	35216
84.74	23341ca4e4830bee	62912	382209	8320	32288	29760	0	101107	35264
84.74	23341ca4e4830bee	62912	382455	8320	32288	29760	0	101109	35264
84.74	23341ca4e4830bee	62912	382646	8320	32288	29760	0	101101	35264
84.74	23341ca4e4830bee	62912	382827	8192	32288	29760	0	101105	35104
84.74	23341ca4e4830bee	62912	383028	8192	32288	29760	0	101101	35104
84.74	23341ca4e4830bee	62912	383219	8192	32288	29760	0	101107	35104
84.74	23341ca4e4830bee	62912	383410	8192	32288	29760	0	101105	35104
84.74	23341ca4e4830bee	62912	383601	8320	32288	29792	0	101095	35216
84.74	23341ca4e4830bee	62912	383792	8320	32288	29792	0	101115	35216
84.74	23341ca4e4830bee	62912	383984	8320	32288	29792	0	101109	35216
84.74	23341ca4e4830bee	62912	384175	8320	32288	29792	0	101103	35216
84.74	23341ca4e4830bee	62912	384366	8192	32288	29776	0	101103	35104
84.74	23341ca4e4830bee	62912	384547	8192	32288	29776	0	101105	35104
84.74	23341ca4e4830bee	62912	384739	8192	32288	29776	0	101095	35104
84.74	23341ca4e4830bee	62912	384930	8192	32288	29776	0	101099	35104
84.74	23341ca4e4830bee	62912	385121	8320	32272	29744	0	101101	35232
84.74	23341ca4e4830bee	62912	385312	8320	32272	29744	0	101103	35232
84.74	23341ca4e4830bee	62912	385503	8320	32272	29744	0	101101	35232
84.74	23341ca4e4830bee	62912	385695	8192	32272	29744	0	101095	35232
84.74	23341ca4e4830bee	62912	385886	8192	32256	29776	0	101105	35072
84.74	23341ca4e4830bee	62912	386070	8192	32256	29776	0	101103	35072
84.74	23341ca4e4830bee	62912	386308	8192	32256	29776	0	101113	35072
84.74	23341ca4e4830bee	62912	386499	8192	32288	29760	0	101091	35056
84.74	23341ca4e4830bee	62912	386690	8192	32288	29760	0	101095	35056
84.74	23341ca4e4830bee	62912	386881	8192	32288	29760	0	101095	35056
84.74	23341ca4e4830bee	62912	387079	8192	32288	29760	0	101099	35056
84.74	23341ca4e4830bee	62912	387270	8192	32256	29792	0	101109	35232
84.74	23341ca4e4830bee	62912	387461	8192	32256	29792	0	101101	35232
84.74	23341ca4e4830bee	62912	387652	8192	32256	29792	0	101109	35232
84.74	23341ca4e4830bee	62912	387843	8192	32256	29792	0	101101	35232
84.74	23341ca4e4830bee	62912	388039	8192	32288	29776	0	101103	35216
84.74	23341ca4e4830bee	62912	388231	8192	32288	29776	0	101095	35216
84.74	23341ca4e4830bee	62912	388422	8192	32288	29776	0	101109	35216
84.74	23341ca4e4830bee	62912	388613	8192	32288	29776	0	101107	35136
84.74	23341ca4e4830bee	62912	388804	8192	32272	29792	0	101099	35136
84.74	23341ca4e4830bee	62912	388995	8192	32272	29792	0	101093	35136
84.74	23341ca4e4830bee	62912	389187	8192	32272	29792	0	101091	35136
84.74	23341ca4e4830bee	62912	389368	8192	32256	29792	0	101093	35216
84.74	23341ca4e4830bee	62912	389559	8192	32256	29776	0	101099	35216
84.74	23341ca4e4830bee	62912	389750	8192	32256	29776	0	101101	35216
84.74	23341ca4e4830bee	62912	389941	8192	32256	29776	0	101107	35216
84.74	23341ca4e4830bee	62912	390171	8320	32272	29760	0	101095	35248
84.74	23341ca4e4830bee	62912	390362	8320	32272	29760	0	101109	35248
84.74	23341ca4e4830bee	62912	390553	8320	32272	29760	0	101103	35248
84.74	23341ca4e4830bee	62912	390745	8320	32272	29760	0	101095	35248
84.92	23341ca4e4830bee	62912	390936	8320	32272	29760	0	101105	35248
84.74	23341ca4e4830bee	62912	391127	8320	32272	29760	0	101095	35248
84.74	23341ca4e4830bee	62912	391308	8320	32272	29760	0	101101	35248
84.74	23341ca4e4830bee	62912	391499	8320	32272	29760	0	101099	35056
84.74	23341ca4e4830bee	62912	391690	8320	32304	29792	0	101107	35056
84.74	23341ca4e4830bee	62912	391881	8320	32304	29792	0	101091	35056
84.74	23341ca4e4830bee	62912	392072	8320	32304	29792	0	101099	35056
84.74	23341ca4e4830bee	62912	392263	8320	32256	29792	0	101091	35216
84.74	23341ca4e4830bee	62912	392454	8320	32256	29776	0	101103	35216
84.74	23341ca4e4830bee	62912	392646	8320	32256	29776	0	101107	35216
84.74	23341ca4e4830bee	62912	392837	8320	32256	29776	0	101103	35216
84.74	23341ca4e4830bee	62912	393018	8320	32256	29760	0	101103	35232
84.74	23341ca4e4830bee	62912	393209	8320	32256	29760	0	101093	35232
84.74	23341ca4e4830bee	62912	393400	8320	32256	29760	0	101101	35232
84.74	23341ca4e4830bee	62912	393592	8320	32256	29760	0	101103	35232
84.74	23341ca4e4830bee	62912	393783	8192	32272	29792	0	101095	35040
84.74	23341ca4e4830bee	62912	394028	8192	32272	29792	0	101091	35040
84.74	23341ca4e4830bee	62912	394219	8192	32272	29792	0	101093	35040
84.74	23341ca4e4830bee	62912	394410	8320	32272	29792	0	101099	35056
84.74	23341ca4e4830bee	62912	394601	8320	32304	29760	0	101095	35056
84.74	23341ca4e4830bee	62912	394792	8320	32304	29760	0	101115	35056
84.74	23341ca4e4830bee	62912	394984	8320	32304	29760	0	101105	35056
84.74	23341ca4e4830bee	62912	395175	8192	32304	29776	0	101103	35248
84.74	23341ca4e4830bee	62912	395366	8192	32304	29776	0	101101	35248
84.74	23341ca4e4830bee	62912	395557	8192	32304	29776	0	101109	35248
84.74	23341ca4e4830bee	62912	395739	8192	32304	29776	0	101105	35248
84.74	23341ca4e4830bee	62912	395930	8192	32272	29760	0	101099	35056
84.92	23341ca4e4830bee	62912	396121	8192	32272	29760	0	101115	35056
84.74	23341ca4e4830bee	62912	396312	8192	32272	29760	0	101105	35056
84.74	23341ca4e4830bee	62912	396503	8192	32272	29760	0	101103	35056
84.74	23341ca4e4830bee	62912	396694	8320	32256	29776	0	101099	35200
84.92	23341ca4e4830bee	62912	396886	8320	32256	29776	0	101107	35200
84.74	23341ca4e4830bee	62912	397077	8320	32256	29776	0	101091	35200
84.74	23341ca4e4830bee	62912	397258	8192	32256	29776	0	101107	35200
84.74	23341ca4e4830bee	62912	397449	8192	32272	29792	0	101103	35104
84.74	23341ca4e4830bee	62912	397641	8192	32272	29792	0	101095	35104
84.92	23341ca4e4830bee	62912	397880	8192	32272	29792	0	101095	35104
84.74	23341ca4e4830bee	62912	398071	8192	32288	29792	0	101091	35216
84.92	23341ca4e4830bee	62912	398262	8192	32288	29792	0	101109	35216
84.74	23341ca4e4830bee	62912	398453	8192	32288	29792	0	101089	35216
84.92	23341ca4e4830bee	62912	398645	8192	32288	29792	0	101095	35216
84.92	23341ca4e4830bee	62912	398836	8192	32304	29744	0	101101	35088
84.92	23341ca4e4830bee	62912	399027	8192	32304	29744	0	101095	35088
84.92	23341ca4e4830bee	62912	399218	8192	32304	29744	0	101101	35088
84.92	23341ca4e4830bee	62912	399399	8192	32304	29744	0	101101	35088
84.74	23341ca4e4830bee	62912	399590	8320	32256	29744	0	101087	35232
84.92	23341ca4e4830bee	62912	399789	8320	32256	29744	0	101101	35232
84.92	23341ca4e4830bee	62912	399980	8320	32256	29744	0	101103	35232
84.74	23341ca4e4830bee	62912	400172	8320	32256	29744	0	101089	35200
84.74	23341ca4e4830bee	62912	400363	8320	32272	29792	0	101107	35200
84.74	23341ca4e4830bee	62912	400554	8320	32272	29792	0	101091	35200
84.74	23341ca4e4830bee	62912	400745	8320	32272	29792	0	101095	35200
84.92	23341ca4e4830bee	62912	400936	8192	32256	29792	0	101095	35280
84.74	23341ca4e4830bee	62912	401128	8192	32256	29776	0	101089	35280
84.92	23341ca4e4830bee	62912	401309	8192	32256	29776	0	101107	35280
84.74	23341ca4e4830bee	62912	401500	8192	32256	29776	0	101101	35280