Digit_temp	id	light	timestamp	acc_z	acc_y	acc_x	motion	pressure	humid
84.92	23341ca4e4830bee	63008	2190812	8320	32288	29840	0	101073	35168
84.92	23341ca4e4830bee	63008	2191004	8320	32288	29840	0	101069	35168
84.92	23341ca4e4830bee	63008	2191195	8320	32288	29840	0	101089	35168
84.92	23341ca4e4830bee	63008	2191386	8320	32288	29840	0	101077	35168
84.92	23341ca4e4830bee	62992	2191577	8320	32288	29840	0	101067	35072
84.92	23341ca4e4830bee	62992	2191768	8320	32288	29840	0	101075	35072
84.92	23341ca4e4830bee	62992	2191959	8320	32288	29840	0	101069	35072
84.92	23341ca4e4830bee	62992	2192150	8320	32288	29840	0	101075	35072
84.92	23341ca4e4830bee	63008	2192341	8320	32272	29840	0	101083	35216
84.92	23341ca4e4830bee	63008	2192532	8320	32272	29840	0	101083	35216
84.92	23341ca4e4830bee	63008	2192713	8320	32272	29840	0	101075	35216
84.92	23341ca4e4830bee	63008	2192904	8320	32272	29840	0	101075	35088
84.92	23341ca4e4830bee	63008	2193095	8320	32272	29824	0	101075	35088
84.92	23341ca4e4830bee	63008	2193286	8320	32272	29824	0	101069	35088
84.92	23341ca4e4830bee	63008	2193477	8320	32272	29824	0	101083	35088
84.92	23341ca4e4830bee	63008	2193669	8320	32304	29824	0	101081	35088
84.92	23341ca4e4830bee	63008	2193860	8320	32304	29824	0	101075	35088
84.92	23341ca4e4830bee	63008	2194051	8320	32304	29824	0	101073	35088
84.92	23341ca4e4830bee	63008	2194242	8320	32304	29824	0	101083	35088
84.92	23341ca4e4830bee	63008	2194433	8320	32272	29856	0	101083	35120
84.92	23341ca4e4830bee	63008	2194675	8320	32272	29856	0	101077	35120
84.92	23341ca4e4830bee	63008	2194866	8320	32272	29856	0	101081	35120
84.92	23341ca4e4830bee	63008	2195057	8320	32272	29856	0	101081	35184
84.92	23341ca4e4830bee	63008	2195248	8320	32288	29856	0	101075	35184
84.92	23341ca4e4830bee	63008	2195440	8320	32288	29856	0	101077	35184
84.92	23341ca4e4830bee	63008	2195631	8320	32288	29856	0	101081	35184
84.92	23341ca4e4830bee	63008	2195834	8320	32256	29840	0	101073	35168
84.92	23341ca4e4830bee	63008	2196025	8320	32256	29840	0	101079	35168
84.92	23341ca4e4830bee	63008	2196216	8320	32256	29840	0	101075	35168
84.92	23341ca4e4830bee	63008	2196407	8320	32256	29840	0	101073	35168
84.92	23341ca4e4830bee	63008	2196598	8320	32272	29808	0	101073	35248
84.92	23341ca4e4830bee	63008	2196789	8320	32272	29808	0	101079	35248
84.92	23341ca4e4830bee	63008	2196980	8320	32272	29808	0	101069	35248
84.92	23341ca4e4830bee	63008	2197172	8320	32272	29808	0	101077	35248
84.92	23341ca4e4830bee	63008	2197363	8320	32256	29824	0	101087	35120
84.92	23341ca4e4830bee	63008	2197554	8320	32256	29824	0	101067	35120
84.92	23341ca4e4830bee	63008	2197745	8320	32256	29824	0	101083	35120
84.92	23341ca4e4830bee	63008	2197936	8320	32256	29824	0	101079	35120
84.92	23341ca4e4830bee	63008	2198128	8320	32272	29840	0	101075	35120
84.92	23341ca4e4830bee	63008	2198319	8320	32272	29840	0	101079	35120
84.92	23341ca4e4830bee	63008	2198558	8320	32272	29840	0	101073	35120
84.92	23341ca4e4830bee	63008	2198749	8320	32272	29856	0	101081	35200
84.92	23341ca4e4830bee	63008	2198940	8320	32272	29856	0	101073	35200
84.92	23341ca4e4830bee	63008	2199131	8320	32272	29856	0	101073	35200
84.92	23341ca4e4830bee	63008	2199322	8320	32272	29856	0	101079	35200
84.92	23341ca4e4830bee	62992	2199503	8320	32272	29808	0	101075	35184
84.92	23341ca4e4830bee	62992	2199695	8320	32272	29808	0	101073	35184
84.92	23341ca4e4830bee	62992	2199886	8320	32272	29808	0	101079	35184
84.92	23341ca4e4830bee	62992	2200077	8320	32272	29808	0	101075	35184
84.92	23341ca4e4830bee	62992	2200268	8192	32272	29824	0	101073	35200
84.92	23341ca4e4830bee	62992	2200459	8192	32272	29824	0	101079	35200
84.92	23341ca4e4830bee	62992	2200650	8192	32272	29824	0	101081	35200
84.92	23341ca4e4830bee	62992	2200841	8320	32272	29824	0	101077	35136
84.92	23341ca4e4830bee	63008	2201032	8320	32272	29872	0	101073	35136
84.92	23341ca4e4830bee	63008	2201214	8320	32272	29872	0	101073	35136
84.92	23341ca4e4830bee	63008	2201405	8320	32272	29872	0	101075	35136
84.92	23341ca4e4830bee	62992	2201596	8320	32272	29872	0	101079	35168
84.92	23341ca4e4830bee	62992	2201787	8320	32256	29840	0	101083	35168
84.92	23341ca4e4830bee	62992	2201978	8320	32256	29840	0	101073	35168
84.92	23341ca4e4830bee	62992	2202170	8320	32256	29840	0	101075	35168
84.92	23341ca4e4830bee	63008	2202388	8320	32256	29824	0	101077	35152
84.92	23341ca4e4830bee	63008	2202589	8320	32256	29824	0	101067	35152
84.92	23341ca4e4830bee	63008	2202781	8320	32256	29824	0	101077	35152
84.74	23341ca4e4830bee	63008	2202972	8320	32256	29824	0	101071	35152
84.92	23341ca4e4830bee	63008	2203163	8320	32272	29808	0	101073	35216
84.92	23341ca4e4830bee	63008	2203354	8320	32272	29808	0	101073	35216
84.92	23341ca4e4830bee	63008	2203545	8320	32272	29808	0	101075	35216
84.92	23341ca4e4830bee	63008	2203736	8320	32272	29808	0	101083	35056
84.74	23341ca4e4830bee	62992	2203927	8320	32272	29840	0	101081	35056
84.74	23341ca4e4830bee	62992	2204118	8320	32272	29840	0	101071	35056
84.74	23341ca4e4830bee	62992	2204309	8320	32272	29840	0	101075	35056
84.92	23341ca4e4830bee	63008	2204500	8320	32272	29824	0	101075	35120
84.74	23341ca4e4830bee	63008	2204692	8320	32272	29824	0	101071	35120
84.74	23341ca4e4830bee	63008	2204883	8320	32272	29824	0	101087	35120
84.74	23341ca4e4830bee	63008	2205064	8320	32272	29824	0	101071	35120
84.92	23341ca4e4830bee	63008	2205255	8320	32288	29808	0	101077	35136
84.92	23341ca4e4830bee	63008	2205446	8320	32288	29808	0	101077	35136
84.74	23341ca4e4830bee	63008	2205637	8320	32288	29808	0	101069	35136
84.74	23341ca4e4830bee	63008	2205829	8320	32288	29808	0	101075	35136
84.74	23341ca4e4830bee	63008	2206020	8320	32240	29856	0	101071	35088
84.74	23341ca4e4830bee	63008	2206260	8320	32240	29856	0	101069	35088
84.74	23341ca4e4830bee	63008	2206451	8320	32240	29856	0	101081	35088
84.92	23341ca4e4830bee	63008	2206642	8320	32240	29856	0	101077	35088
84.74	23341ca4e4830bee	63008	2206833	8320	32256	29792	0	101071	35088
84.92	23341ca4e4830bee	63008	2207024	8320	32256	29792	0	101085	35088
84.74	23341ca4e4830bee	63008	2207215	8320	32256	29792	0	101071	35088
84.92	23341ca4e4830bee	63008	2207406	8320	32256	29856	0	101081	35136
84.74	23341ca4e4830bee	63008	2207597	8320	32256	29856	0	101069	35136
84.74	23341ca4e4830bee	63008	2207788	8320	32256	29856	0	101071	35136
84.92	23341ca4e4830bee	63008	2207980	8320	32256	29856	0	101077	35136
84.92	23341ca4e4830bee	63008	2208171	8320	32256	29824	0	101079	35168
84.92	23341ca4e4830bee	63008	2208362	8320	32256	29824	0	101077	35168
84.92	23341ca4e4830bee	63008	2208553	8320	32256	29824	0	101077	35168
84.92	23341ca4e4830bee	63008	2208734	8320	32256	29824	0	101083	35168
84.74	23341ca4e4830bee	63008	2208926	8320	32272	29840	0	101075	35136
84.74	23341ca4e4830bee	63008	2209117	8320	32272	29840	0	101069	35136
84.92	23341ca4e4830bee	63008	2209308	8320	32272	29840	0	101075	35136
84.74	23341ca4e4830bee	63008	2209506	8320	32272	29840	0	101069	35136
84.92	23341ca4e4830bee	63008	2209697	8320	32256	29872	0	101083	35104
84.74	23341ca4e4830bee	63008	2209888	8320	32256	29872	0	101081	35104
84.92	23341ca4e4830bee	63008	2210119	8320	32256	29872	0	101077	35104
84.74	23341ca4e4830bee	63008	2210310	8320	32272	29824	0	101071	35072
84.92	23341ca4e4830bee	63008	2210501	8320	32272	29824	0	101075	35072
84.92	23341ca4e4830bee	63008	2210693	8320	32272	29824	0	101075	35072
84.74	23341ca4e4830bee	63008	2210884	8320	32272	29824	0	101075	35072
84.92	23341ca4e4830bee	63008	2211065	8320	32272	29856	0	101073	35136
84.92	23341ca4e4830bee	63008	2211256	8320	32272	29856	0	101075	35136
84.92	23341ca4e4830bee	63008	2211447	8320	32272	29856	0	101073	35136
84.92	23341ca4e4830bee	63008	2211638	8320	32272	29856	0	101079	35136
84.92	23341ca4e4830bee	63008	2211829	8320	32272	29792	0	101073	35216
84.74	23341ca4e4830bee	63008	2212020	8320	32272	29792	0	101075	35216
84.92	23341ca4e4830bee	63008	2212211	8320	32272	29792	0	101083	35216
84.74	23341ca4e4830bee	63008	2212405	8320	32272	29792	0	101075	35152
84.92	23341ca4e4830bee	63008	2212597	8320	32272	29824	0	101075	35152
84.92	23341ca4e4830bee	63008	2212788	8320	32272	29824	0	101075	35152
84.92	23341ca4e4830bee	63008	2212979	8320	32272	29824	0	101075	35152
84.92	23341ca4e4830bee	63008	2213170	8192	32304	29824	0	101073	35152
84.92	23341ca4e4830bee	63008	2213362	8192	32304	29824	0	101079	35152
84.74	23341ca4e4830bee	63008	2213553	8192	32304	29824	0	101071	35152
84.92	23341ca4e4830bee	63008	2213744	8192	32304	29824	0	101069	35152
84.74	23341ca4e4830bee	63008	2213963	8320	32272	29824	0	101071	35184
84.92	23341ca4e4830bee	63008	2214154	8320	32272	29824	0	101081	35184
84.92	23341ca4e4830bee	63008	2214345	8320	32272	29824	0	101081	35184
84.74	23341ca4e4830bee	63008	2214526	8320	32272	29824	0	101069	35184
84.92	23341ca4e4830bee	63008	2214717	8320	32288	29856	0	101081	35104
84.74	23341ca4e4830bee	63008	2214908	8320	32288	29856	0	101081	35104
84.74	23341ca4e4830bee	63008	2215099	8320	32288	29856	0	101071	35104
84.74	23341ca4e4830bee	63008	2215290	8320	32288	29856	0	101075	35168
84.92	23341ca4e4830bee	63008	2215481	8320	32256	29840	0	101081	35168
84.74	23341ca4e4830bee	63008	2215673	8320	32256	29840	0	101081	35168
84.74	23341ca4e4830bee	63008	2215864	8320	32256	29840	0	101065	35168
84.74	23341ca4e4830bee	63008	2216055	8320	32256	29840	0	101067	35216
84.74	23341ca4e4830bee	63008	2216246	8320	32256	29840	0	101067	35216
84.74	23341ca4e4830bee	63008	2216447	8320	32256	29840	0	101081	35216
84.74	23341ca4e4830bee	63008	2216638	8320	32256	29840	0	101073	35216
84.74	23341ca4e4830bee	63008	2216830	8320	32288	29824	0	101083	35216
84.74	23341ca4e4830bee	63008	2217021	8320	32288	29824	0	101081	35216
84.74	23341ca4e4830bee	63008	2217212	8320	32288	29824	0	101083	35216
84.74	23341ca4e4830bee	63008	2217407	8320	32288	29824	0	101067	35216
84.74	23341ca4e4830bee	63008	2217598	8320	32208	29808	0	101073	35152
84.74	23341ca4e4830bee	63008	2217840	8320	32208	29808	0	101079	35152
84.74	23341ca4e4830bee	63008	2218031	8320	32208	29808	0	101079	35152
84.74	23341ca4e4830bee	63008	2218223	8320	32256	29808	0	101073	35168
84.74	23341ca4e4830bee	63008	2218414	8320	32256	29824	0	101079	35168
84.74	23341ca4e4830bee	63008	2218605	8320	32256	29824	0	101085	35168
84.74	23341ca4e4830bee	63008	2218786	8320	32256	29824	0	101085	35168
84.74	23341ca4e4830bee	63008	2218977	8320	32288	29840	0	101085	35136
84.74	23341ca4e4830bee	63008	2219168	8320	32288	29840	0	101069	35136
84.74	23341ca4e4830bee	63008	2219359	8320	32288	29840	0	101075	35136
84.74	23341ca4e4830bee	63008	2219550	8320	32288	29840	0	101087	35136
84.74	23341ca4e4830bee	63008	2219742	8320	32256	29888	0	101075	35152
84.74	23341ca4e4830bee	63008	2219933	8320	32256	29888	0	101079	35152
84.74	23341ca4e4830bee	63008	2220128	8320	32256	29888	0	101069	35152
84.74	23341ca4e4830bee	63008	2220319	8320	32256	29888	0	101079	35152
84.74	23341ca4e4830bee	63008	2220510	8320	32288	29840	0	101073	35184
84.74	23341ca4e4830bee	63008	2220702	8320	32288	29840	0	101069	35184
84.74	23341ca4e4830bee	63008	2220893	8320	32288	29840	0	101081	35184
84.74	23341ca4e4830bee	63008	2221084	8320	32288	29840	0	101081	35152
84.74	23341ca4e4830bee	63008	2221275	8320	32272	29856	0	101075	35152
84.74	23341ca4e4830bee	63008	2221456	8320	32272	29856	0	101069	35152
84.74	23341ca4e4830bee	63008	2221698	8320	32272	29856	0	101069	35152
84.74	23341ca4e4830bee	63008	2221889	8320	32272	29888	0	101077	35200
84.74	23341ca4e4830bee	63008	2222080	8320	32272	29888	0	101071	35200
84.74	23341ca4e4830bee	63008	2222271	8320	32272	29888	0	101075	35200
84.74	23341ca4e4830bee	63008	2222462	8320	32272	29888	0	101081	35200
84.74	23341ca4e4830bee	63008	2222653	8192	32288	29840	0	101075	35168
84.74	23341ca4e4830bee	63008	2222844	8192	32288	29840	0	101075	35168
84.74	23341ca4e4830bee	63008	2223035	8192	32288	29840	0	101065	35168
84.74	23341ca4e4830bee	63008	2223216	8320	32288	29840	0	101079	35168
84.74	23341ca4e4830bee	63008	2223407	8320	32256	29808	0	101079	35152
84.74	23341ca4e4830bee	63008	2223598	8320	32256	29808	0	101069	35152
84.74	23341ca4e4830bee	63008	2223790	8320	32256	29808	0	101071	35152
84.74	23341ca4e4830bee	63008	2223981	8320	32256	29808	0	101073	35184
84.74	23341ca4e4830bee	63008	2224172	8320	32288	29856	0	101075	35184
84.74	23341ca4e4830bee	63008	2224363	8320	32288	29856	0	101073	35184
84.74	23341ca4e4830bee	63008	2224554	8320	32288	29856	0	101075	35184
84.74	23341ca4e4830bee	63008	2224746	8320	32256	29840	0	101075	35136
84.74	23341ca4e4830bee	63008	2224927	8320	32256	29840	0	101073	35136
84.74	23341ca4e4830bee	63008	2225119	8320	32256	29840	0	101065	35136
84.74	23341ca4e4830bee	63008	2225310	8320	32256	29840	0	101079	35136
84.74	23341ca4e4830bee	63008	2225550	8320	32240	29856	0	101079	35120
84.74	23341ca4e4830bee	63008	2225741	8320	32240	29856	0	101069	35120
84.74	23341ca4e4830bee	63008	2225932	8320	32240	29856	0	101067	35120
84.74	23341ca4e4830bee	63008	2226123	8192	32240	29856	0	101073	35152
84.74	23341ca4e4830bee	63008	2226314	8192	32224	29840	0	101075	35152
84.74	23341ca4e4830bee	63008	2226506	8192	32224	29840	0	101079	35152
84.74	23341ca4e4830bee	63008	2226687	8192	32224	29840	0	101083	35152
84.74	23341ca4e4830bee	62992	2226878	8192	32224	29840	0	101075	35120
84.74	23341ca4e4830bee	62992	2227069	8192	32256	29856	0	101073	35120
84.74	23341ca4e4830bee	62992	2227260	8192	32256	29856	0	101079	35120
84.74	23341ca4e4830bee	62992	2227451	8192	32256	29856	0	101073	35120
84.74	23341ca4e4830bee	63008	2227642	8320	32288	29856	0	101083	35152
84.74	23341ca4e4830bee	63008	2227833	8320	32288	29856	0	101073	35152
84.74	23341ca4e4830bee	63008	2228025	8320	32288	29856	0	101079	35152
84.74	23341ca4e4830bee	63008	2228216	8320	32288	29856	0	101069	35152
84.74	23341ca4e4830bee	63008	2228397	8320	32272	29840	0	101077	35200
84.74	23341ca4e4830bee	63008	2228588	8320	32272	29840	0	101075	35200
84.74	23341ca4e4830bee	63008	2228779	8320	32272	29840	0	101077	35200
84.74	23341ca4e4830bee	63008	2228971	8320	32272	29840	0	101067	35200
84.74	23341ca4e4830bee	63008	2229162	8320	32256	29840	0	101073	35120
84.74	23341ca4e4830bee	63008	2229401	8320	32256	29840	0	101073	35120
84.74	23341ca4e4830bee	63008	2229592	8320	32256	29840	0	101079	35120
84.74	23341ca4e4830bee	63008	2229783	8320	32224	29840	0	101083	35120
84.74	23341ca4e4830bee	63008	2229974	8320	32224	29856	0	101081	35120
84.74	23341ca4e4830bee	63008	2230165	8320	32224	29856	0	101073	35120
84.74	23341ca4e4830bee	63008	2230356	8320	32224	29856	0	101079	35120
84.74	23341ca4e4830bee	63008	2230537	8320	32256	29840	0	101077	35168
84.74	23341ca4e4830bee	63008	2230729	8320	32256	29840	0	101069	35168
84.74	23341ca4e4830bee	63008	2230920	8320	32256	29840	0	101077	35168
84.74	23341ca4e4830bee	63008	2231111	8320	32256	29840	0	101077	35168
84.74	23341ca4e4830bee	63008	2231302	8320	32272	29808	0	101071	35136
84.74	23341ca4e4830bee	63008	2231493	8320	32272	29808	0	101079	35136
84.74	23341ca4e4830bee	63008	2231685	8320	32272	29808	0	101077	35136
84.74	23341ca4e4830bee	63008	2231876	8320	32272	29808	0	101083	35136
84.74	23341ca4e4830bee	63008	2232057	8320	32304	29808	0	101085	35184
84.74	23341ca4e4830bee	63008	2232248	8320	32304	29808	0	101073	35184
84.74	23341ca4e4830bee	63008	2232439	8320	32304	29808	0	101073	35184
84.74	23341ca4e4830bee	62992	2232637	8320	32304	29808	0	101071	35120
84.74	23341ca4e4830bee	62992	2232828	8320	32288	29824	0	101077	35120
84.74	23341ca4e4830bee	62992	2233019	8320	32288	29824	0	101071	35120
84.74	23341ca4e4830bee	62992	2233253	8320	32288	29824	0	101079	35120
84.74	23341ca4e4830bee	62992	2233444	8320	32272	29824	0	101081	35168
84.74	23341ca4e4830bee	62992	2233635	8320	32272	29824	0	101075	35168
84.74	23341ca4e4830bee	62992	2233826	8320	32272	29824	0	101077	35168
84.74	23341ca4e4830bee	62992	2234007	8320	32272	29824	0	101073	35168
84.74	23341ca4e4830bee	63008	2234199	8320	32272	29824	0	101073	35184
84.74	23341ca4e4830bee	63008	2234390	8320	32272	29824	0	101077	35184
84.74	23341ca4e4830bee	63008	2234581	8320	32272	29824	0	101081	35184
84.74	23341ca4e4830bee	63008	2234772	8192	32272	29824	0	101069	35184
84.74	23341ca4e4830bee	63008	2234963	8192	32288	29824	0	101077	35152
84.74	23341ca4e4830bee	63008	2235154	8192	32288	29824	0	101079	35152
84.74	23341ca4e4830bee	63008	2235345	8192	32288	29824	0	101075	35152
84.74	23341ca4e4830bee	63008	2235536	8320	32288	29824	0	101075	35120
84.74	23341ca4e4830bee	63008	2235717	8320	32256	29808	0	101079	35120
84.74	23341ca4e4830bee	63008	2235909	8320	32256	29808	0	101075	35120
84.74	23341ca4e4830bee	63008	2236100	8320	32256	29808	0	101079	35120
84.74	23341ca4e4830bee	63008	2236291	8320	32256	29840	0	101073	35184
84.74	23341ca4e4830bee	63008	2236482	8320	32256	29840	0	101079	35184
84.74	23341ca4e4830bee	63008	2236674	8320	32256	29840	0	101069	35184
84.74	23341ca4e4830bee	63008	2236865	8320	32256	29840	0	101083	35184
84.74	23341ca4e4830bee	62992	2237093	8320	32288	29840	0	101069	35200
84.74	23341ca4e4830bee	62992	2237284	8320	32288	29840	0	101077	35200
84.74	23341ca4e4830bee	62992	2237475	8320	32288	29840	0	101075	35200
84.74	23341ca4e4830bee	62992	2237666	8320	32288	29840	0	101081	35200
84.74	23341ca4e4830bee	63008	2237857	8320	32272	29840	0	101075	35184
84.74	23341ca4e4830bee	63008	2238049	8320	32272	29840	0	101077	35184
84.74	23341ca4e4830bee	63008	2238240	8320	32272	29840	0	101087	35184
84.74	23341ca4e4830bee	62992	2238431	8320	32272	29840	0	101081	35120
84.74	23341ca4e4830bee	62992	2238622	8320	32272	29872	0	101077	35120
84.74	23341ca4e4830bee	62992	2238813	8320	32272	29872	0	101075	35120
84.74	23341ca4e4830bee	62992	2239004	8320	32272	29872	0	101075	35120
84.74	23341ca4e4830bee	63008	2239195	8320	32288	29872	0	101079	35184
84.74	23341ca4e4830bee	63008	2239386	8320	32288	29872	0	101077	35184
84.74	23341ca4e4830bee	63008	2239578	8320	32288	29872	0	101081	35184
84.74	23341ca4e4830bee	63008	2239769	8320	32288	29872	0	101087	35184
84.74	23341ca4e4830bee	63008	2239960	8320	32272	29824	0	101075	35136
84.74	23341ca4e4830bee	63008	2240151	8320	32272	29824	0	101079	35136
84.74	23341ca4e4830bee	63008	2240342	8320	32272	29824	0	101077	35136
84.74	23341ca4e4830bee	63008	2240534	8320	32272	29824	0	101075	35136
84.74	23341ca4e4830bee	63008	2240725	8320	32256	29856	0	101075	35168
84.74	23341ca4e4830bee	63008	2240955	8320	32256	29856	0	101079	35168
84.74	23341ca4e4830bee	63008	2241146	8320	32256	29856	0	101081	35168
84.74	23341ca4e4830bee	62992	2241337	8320	32256	29856	0	101079	35184
84.74	23341ca4e4830bee	62992	2241518	8320	32256	29824	0	101079	35184
84.74	23341ca4e4830bee	62992	2241709	8320	32256	29824	0	101081	35184
84.74	23341ca4e4830bee	62992	2241900	8320	32256	29824	0	101079	35184
84.74	23341ca4e4830bee	62992	2242091	8320	32256	29856	0	101079	35152
84.74	23341ca4e4830bee	62992	2242282	8320	32256	29856	0	101073	35152
84.74	23341ca4e4830bee	62992	2242474	8320	32256	29856	0	101073	35152
84.74	23341ca4e4830bee	62992	2242665	8320	32256	29856	0	101079	35152
84.74	23341ca4e4830bee	63008	2242856	8320	32272	29808	0	101075	35152
84.74	23341ca4e4830bee	63008	2243047	8320	32272	29808	0	101089	35152
84.74	23341ca4e4830bee	63008	2243228	8320	32272	29808	0	101075	35152
84.74	23341ca4e4830bee	63008	2243424	8320	32272	29808	0	101073	35152
84.74	23341ca4e4830bee	63008	2243615	8320	32256	29840	0	101073	35152
84.74	23341ca4e4830bee	63008	2243806	8320	32256	29840	0	101073	35152
84.74	23341ca4e4830bee	63008	2243997	8320	32256	29840	0	101075	35152
84.74	23341ca4e4830bee	63008	2244179	8320	32256	29840	0	101079	35152
84.74	23341ca4e4830bee	63008	2244370	8320	32304	29840	0	101075	35152
84.74	23341ca4e4830bee	63008	2244561	8320	32304	29840	1	101069	35152
84.74	23341ca4e4830bee	63008	2244802	8320	32304	29840	1	101065	35152
84.74	23341ca4e4830bee	63312	2244993	8320	32288	29840	1	101071	35120
84.74	23341ca4e4830bee	63312	2245184	8320	32288	29840	1	101085	35120
84.74	23341ca4e4830bee	63312	2245376	8320	32288	29840	1	101075	35120
84.74	23341ca4e4830bee	63312	2245567	8320	32288	29840	1	101073	35120
84.74	23341ca4e4830bee	63616	2245758	8320	32256	29856	1	101075	35200
84.74	23341ca4e4830bee	63616	2245939	8320	32256	29856	1	101081	35200
84.74	23341ca4e4830bee	63616	2246130	8320	32256	29856	0	101075	35200
84.74	23341ca4e4830bee	63616	2246321	8320	32256	29856	1	101081	35200
84.74	23341ca4e4830bee	63824	2246512	8320	32288	29824	1	101073	35168
84.74	23341ca4e4830bee	63824	2246703	8320	32288	29824	1	101087	35168
84.74	23341ca4e4830bee	63824	2246894	8320	32288	29824	0	101075	35168
84.74	23341ca4e4830bee	63888	2247085	8320	32288	29824	0	101077	35168
84.74	23341ca4e4830bee	63888	2247277	8320	32256	29856	1	101081	35168
84.74	23341ca4e4830bee	63888	2247468	8320	32256	29856	1	101071	35168
84.74	23341ca4e4830bee	63888	2247649	8320	32256	29856	1	101083	35168
84.74	23341ca4e4830bee	63824	2247840	8320	32256	29856	1	101073	35184
84.74	23341ca4e4830bee	63824	2248031	8320	32256	29824	1	101079	35184
84.74	23341ca4e4830bee	63824	2248223	8320	32256	29824	1	101085	35184
84.74	23341ca4e4830bee	63824	2248425	8320	32256	29824	1	101089	35184
84.74	23341ca4e4830bee	62816	2248666	8320	32272	29840	1	101085	35168
84.74	23341ca4e4830bee	62816	2248857	8320	32272	29840	0	101077	35168
84.74	23341ca4e4830bee	62816	2249048	8320	32272	29840	1	101079	35168
84.74	23341ca4e4830bee	62816	2249229	8320	32272	29840	1	101083	35168
84.74	23341ca4e4830bee	62592	2249421	8320	32224	29840	1	101083	35104
84.74	23341ca4e4830bee	62592	2249612	8320	32224	29840	1	101075	35104
84.74	23341ca4e4830bee	62592	2249803	8320	32224	29840	1	101075	35104
84.74	23341ca4e4830bee	62544	2249994	8320	32224	29840	1	101075	35168
84.74	23341ca4e4830bee	62544	2250185	8320	32240	29824	0	101077	35168
84.74	23341ca4e4830bee	62544	2250396	8320	32240	29824	0	101077	35168
84.74	23341ca4e4830bee	62544	2250587	8320	32240	29824	0	101077	35168
84.74	23341ca4e4830bee	62528	2250778	8320	32304	29872	0	101077	35200
84.74	23341ca4e4830bee	62528	2250960	8320	32304	29872	0	101077	35200
84.74	23341ca4e4830bee	62528	2251151	8320	32304	29872	0	101069	35200
84.74	23341ca4e4830bee	62528	2251342	8320	32304	29872	0	101077	35200
84.74	23341ca4e4830bee	62528	2251533	8320	32256	29840	0	101083	35168
84.74	23341ca4e4830bee	62528	2251724	8320	32256	29840	0	101075	35168
84.74	23341ca4e4830bee	62528	2251916	8320	32256	29840	0	101075	35168
84.74	23341ca4e4830bee	62528	2252107	8320	32256	29840	0	101069	35168
84.74	23341ca4e4830bee	62544	2252298	8320	32288	29824	0	101077	35152
84.74	23341ca4e4830bee	62544	2252529	8320	32288	29824	0	101071	35152
84.74	23341ca4e4830bee	62544	2252710	8320	32288	29824	0	101077	35152
84.74	23341ca4e4830bee	62544	2252901	8320	32240	29856	0	101071	35168
84.74	23341ca4e4830bee	62544	2253092	8320	32240	29856	0	101077	35168
84.74	23341ca4e4830bee	62544	2253283	8320	32240	29856	0	101077	35168
84.74	23341ca4e4830bee	62544	2253474	8320	32240	29856	0	101077	35168
84.56	23341ca4e4830bee	62656	2253665	8320	32240	29824	1	101065	35136
84.74	23341ca4e4830bee	62656	2253857	8320	32240	29824	0	101075	35136
84.74	23341ca4e4830bee	62656	2254048	8320	32240	29824	1	101075	35136
84.56	23341ca4e4830bee	62656	2254239	8320	32240	29824	1	101067	35136
84.74	23341ca4e4830bee	62640	2254420	8320	32288	29824	0	101075	35184
84.56	23341ca4e4830bee	62640	2254611	8320	32288	29824	1	101067	35184
84.74	23341ca4e4830bee	62640	2254802	8320	32288	29824	1	101075	35184
84.74	23341ca4e4830bee	62640	2254993	8320	32288	29824	1	101071	35184
84.74	23341ca4e4830bee	62608	2255184	8320	32240	29792	1	101073	35184
84.74	23341ca4e4830bee	62608	2255376	8320	32240	29792	1	101077	35184
84.74	23341ca4e4830bee	62608	2255567	8320	32240	29792	1	101083	35184
84.56	23341ca4e4830bee	62624	2255758	8320	32240	29792	0	101065	35184
84.56	23341ca4e4830bee	62624	2255949	8320	32272	29824	1	101073	35184
84.56	23341ca4e4830bee	62624	2256141	8320	32272	29824	1	101067	35184
84.74	23341ca4e4830bee	62624	2256379	8320	32272	29824	1	101081	35184
84.56	23341ca4e4830bee	62608	2256560	8320	32272	29824	1	101073	35168
84.74	23341ca4e4830bee	62608	2256751	8320	32272	29824	0	101079	35168
84.56	23341ca4e4830bee	62608	2256942	8320	32272	29824	0	101067	35168
84.56	23341ca4e4830bee	62608	2257133	8320	32272	29824	0	101067	35168
84.74	23341ca4e4830bee	62592	2257324	8320	32272	29840	1	101081	35104
84.56	23341ca4e4830bee	62592	2257515	8320	32272	29840	0	101055	35104
84.74	23341ca4e4830bee	62592	2257706	8320	32272	29840	0	101085	35104
84.74	23341ca4e4830bee	62592	2257897	8320	32272	29840	0	101081	35104
84.74	23341ca4e4830bee	62592	2258089	8320	32256	29856	1	101077	35184
84.74	23341ca4e4830bee	62592	2258280	8320	32256	29856	1	101083	35184
84.56	23341ca4e4830bee	62592	2258471	8320	32256	29856	1	101073	35184
84.56	23341ca4e4830bee	62576	2258662	8192	32256	29856	0	101067	35024
84.56	23341ca4e4830bee	62576	2258853	8192	32256	29824	0	101067	35024
84.74	23341ca4e4830bee	62576	2259044	8192	32256	29824	1	101075	35024
84.56	23341ca4e4830bee	62576	2259235	8192	32256	29824	1	101069	35024
84.56	23341ca4e4830bee	62592	2259427	8320	32288	29840	1	101063	35184
84.56	23341ca4e4830bee	62592	2259619	8320	32288	29840	1	101073	35184
84.56	23341ca4e4830bee	62592	2259810	8320	32288	29840	1	101063	35184
84.56	23341ca4e4830bee	62592	2260001	8320	32288	29840	1	101075	35184
84.56	23341ca4e4830bee	62576	2260241	8320	32304	29840	1	101079	35184
84.56	23341ca4e4830bee	62576	2260432	8320	32304	29840	1	101067	35184
84.56	23341ca4e4830bee	62576	2260623	8320	32304	29840	1	101059	35184
84.56	23341ca4e4830bee	62528	2260814	8320	32304	29840	1	101063	35088
84.56	23341ca4e4830bee	62528	2261005	8320	32256	29808	1	101073	35088
84.56	23341ca4e4830bee	62528	2261196	8320	32256	29808	1	101075	35088
84.56	23341ca4e4830bee	62528	2261387	8320	32256	29808	1	101069	35088
84.56	23341ca4e4830bee	62576	2261578	8320	32240	29840	1	101079	35168
84.56	23341ca4e4830bee	62576	2261770	8320	32240	29840	1	101075	35168
84.56	23341ca4e4830bee	62576	2261951	8320	32240	29840	1	101075	35168
84.56	23341ca4e4830bee	62576	2262142	8320	32240	29840	1	101071	35168
84.56	23341ca4e4830bee	62592	2262333	8192	32304	29824	1	101063	35184
84.56	23341ca4e4830bee	62592	2262524	8192	32304	29824	1	101063	35184
84.56	23341ca4e4830bee	62592	2262715	8192	32304	29824	1	101075	35184
84.56	23341ca4e4830bee	62592	2262906	8192	32304	29824	1	101069	35184
84.56	23341ca4e4830bee	63536	2263098	8320	32288	29808	1	101075	35136
84.56	23341ca4e4830bee	63536	2263289	8320	32288	29808	1	101069	35136
84.56	23341ca4e4830bee	63536	2263480	8320	32288	29808	1	101065	35136
84.56	23341ca4e4830bee	63536	2263661	8320	32288	29808	1	101075	35136
84.56	23341ca4e4830bee	63584	2263853	8320	32288	29824	1	101069	35120
84.56	23341ca4e4830bee	63584	2264092	8320	32288	29824	1	101069	35120
84.56	23341ca4e4830bee	63584	2264283	8320	32288	29824	1	101081	35120
84.56	23341ca4e4830bee	63584	2264474	8320	32256	29808	1	101071	35168
84.56	23341ca4e4830bee	63584	2264665	8320	32256	29808	1	101073	35168
84.56	23341ca4e4830bee	63584	2264856	8320	32256	29808	1	101077	35168
84.56	23341ca4e4830bee	63584	2265048	8320	32256	29808	0	101067	35168
84.56	23341ca4e4830bee	63280	2265239	8320	32272	29808	0	101071	35152
84.56	23341ca4e4830bee	63280	2265450	8320	32272	29808	1	101071	35152
84.56	23341ca4e4830bee	63280	2265641	8320	32272	29808	1	101065	35152
84.56	23341ca4e4830bee	63280	2265822	8192	32272	29808	1	101071	35152
84.56	23341ca4e4830bee	63040	2266013	8192	32272	29856	1	101073	35120
84.56	23341ca4e4830bee	63040	2266204	8192	32272	29856	1	101077	35120
84.56	23341ca4e4830bee	63040	2266395	8192	32272	29856	1	101077	35120
84.56	23341ca4e4830bee	63024	2266586	8192	32272	29856	1	101071	35120
84.56	23341ca4e4830bee	63024	2266777	8192	32256	29808	1	101075	35120
84.56	23341ca4e4830bee	63024	2266969	8192	32256	29808	1	101071	35120
84.56	23341ca4e4830bee	63024	2267160	8192	32256	29808	1	101071	35120
84.56	23341ca4e4830bee	63008	2267341	8320	32288	29808	0	101077	35136
84.56	23341ca4e4830bee	63008	2267532	8320	32288	29808	0	101077	35136
84.56	23341ca4e4830bee	63008	2267724	8320	32288	29808	0	101071	35136
84.56	23341ca4e4830bee	63008	2267965	8320	32288	29808	0	101075	35136
84.56	23341ca4e4830bee	63008	2268156	8320	32272	29824	0	101077	35168
84.56	23341ca4e4830bee	63008	2268347	8320	32272	29824	0	101075	35168
84.56	23341ca4e4830bee	63008	2268538	8320	32272	29824	0	101075	35168
84.56	23341ca4e4830bee	63008	2268729	8320	32272	29824	0	101075	35168
84.56	23341ca4e4830bee	63008	2268920	8320	32256	29872	0	101075	35184
84.56	23341ca4e4830bee	63008	2269101	8320	32256	29872	1	101075	35184
84.56	23341ca4e4830bee	63008	2269293	8320	32256	29872	1	101065	35184
84.56	23341ca4e4830bee	63008	2269495	8192	32256	29872	1	101077	35168
84.56	23341ca4e4830bee	63008	2269686	8192	32272	29840	1	101075	35168
84.56	23341ca4e4830bee	63008	2269877	8192	32272	29840	0	101071	35168
84.56	23341ca4e4830bee	63008	2270068	8192	32272	29840	0	101071	35168
84.56	23341ca4e4830bee	63008	2270260	8320	32288	29824	0	101077	35072
84.56	23341ca4e4830bee	63008	2270451	8320	32288	29824	0	101081	35072
84.56	23341ca4e4830bee	63008	2270632	8320	32288	29824	0	101067	35072
84.56	23341ca4e4830bee	63008	2270823	8320	32288	29824	0	101077	35072
84.56	23341ca4e4830bee	63008	2271014	8320	32288	29840	0	101077	35136
84.56	23341ca4e4830bee	63008	2271205	8320	32288	29840	0	101079	35136
84.56	23341ca4e4830bee	63008	2271397	8320	32288	29840	0	101077	35136
84.56	23341ca4e4830bee	63008	2271588	8320	32288	29840	0	101071	35136
84.56	23341ca4e4830bee	63008	2271817	8320	32304	29840	0	101073	35168
84.56	23341ca4e4830bee	63008	2272008	8320	32304	29840	0	101067	35168
84.56	23341ca4e4830bee	63008	2272199	8320	32304	29840	0	101071	35168
84.56	23341ca4e4830bee	63008	2272390	8192	32256	29840	0	101073	35120
84.56	23341ca4e4830bee	63008	2272582	8192	32256	29840	0	101073	35120
84.56	23341ca4e4830bee	63008	2272763	8192	32256	29840	0	101071	35120
84.56	23341ca4e4830bee	63008	2272954	8192	32256	29840	0	101067	35120
84.56	23341ca4e4830bee	63008	2273145	8320	32240	29856	0	101059	35168
84.56	23341ca4e4830bee	63008	2273336	8320	32240	29856	0	101077	35168
84.56	23341ca4e4830bee	63008	2273527	8320	32240	29856	0	101077	35168
84.56	23341ca4e4830bee	63008	2273718	8320	32240	29856	0	101067	35168
84.56	23341ca4e4830bee	63008	2273909	8320	32256	29840	0	101073	35152
84.56	23341ca4e4830bee	63008	2274100	8320	32256	29840	0	101067	35152
84.56	23341ca4e4830bee	63008	2274292	8320	32256	29840	0	101073	35152
84.56	23341ca4e4830bee	63008	2274473	8320	32256	29840	0	101071	35152
84.56	23341ca4e4830bee	63008	2274664	8320	32272	29856	0	101063	35168
84.56	23341ca4e4830bee	63008	2274855	8320	32272	29856	0	101073	35168
84.56	23341ca4e4830bee	63008	2275046	8320	32272	29856	0	101067	35168
84.56	23341ca4e4830bee	63008	2275238	8320	32272	29856	0	101069	35168
84.56	23341ca4e4830bee	63008	2275430	8320	32256	29856	0	101075	35120
84.56	23341ca4e4830bee	63008	2275661	8320	32256	29856	0	101073	35120
84.56	23341ca4e4830bee	63008	2275852	8320	32256	29856	0	101069	35120
84.56	23341ca4e4830bee	63008	2276033	8320	32272	29856	0	101075	35184
84.56	23341ca4e4830bee	63008	2276224	8320	32272	29856	0	101075	35184
84.56	23341ca4e4830bee	63008	2276415	8320	32272	29856	0	101059	35184
84.56	23341ca4e4830bee	63008	2276606	8320	32272	29856	0	101071	35184
84.56	23341ca4e4830bee	63008	2276797	8320	32288	29856	0	101073	35136
84.56	23341ca4e4830bee	63008	2276988	8320	32288	29856	0	101075	35136
84.56	23341ca4e4830bee	63008	2277180	8320	32288	29856	0	101071	35136
84.56	23341ca4e4830bee	63008	2277371	8320	32288	29856	0	101071	35136
84.56	23341ca4e4830bee	63008	2277562	8320	32256	29856	0	101075	35152
84.56	23341ca4e4830bee	63008	2277743	8320	32256	29856	0	101067	35152
84.56	23341ca4e4830bee	63008	2277935	8320	32256	29856	0	101081	35152
84.56	23341ca4e4830bee	63008	2278126	8192	32256	29856	0	101067	35152
84.56	23341ca4e4830bee	63008	2278317	8192	32256	29824	0	101065	35136
84.56	23341ca4e4830bee	63008	2278508	8192	32256	29824	0	101071	35136
84.56	23341ca4e4830bee	63008	2278699	8192	32256	29824	0	101059	35136
84.56	23341ca4e4830bee	63008	2278891	8320	32256	29824	0	101071	35184
84.56	23341ca4e4830bee	63008	2279082	8320	32224	29856	0	101071	35184
84.56	23341ca4e4830bee	63008	2279263	8320	32224	29856	0	101075	35184
84.56	23341ca4e4830bee	63008	2279503	8320	32224	29856	0	101071	35184
84.56	23341ca4e4830bee	63008	2279694	8320	32224	29792	0	101071	35184
84.56	23341ca4e4830bee	63008	2279885	8320	32224	29792	0	101075	35184
84.56	23341ca4e4830bee	63008	2280076	8320	32224	29792	0	101075	35184
84.56	23341ca4e4830bee	63008	2280267	8320	32224	29792	0	101071	35184
84.56	23341ca4e4830bee	63008	2280458	8320	32272	29840	0	101067	35152
84.56	23341ca4e4830bee	63008	2280649	8320	32272	29840	0	101077	35152
84.56	23341ca4e4830bee	63008	2280840	8320	32272	29840	0	101071	35152
84.56	23341ca4e4830bee	63008	2281031	8320	32272	29840	0	101067	35168
84.56	23341ca4e4830bee	63008	2281222	8320	32240	29824	0	101067	35168
84.56	23341ca4e4830bee	63008	2281414	8320	32240	29824	0	101071	35168
84.56	23341ca4e4830bee	63008	2281605	8320	32240	29824	0	101073	35168
84.56	23341ca4e4830bee	63008	2281796	8192	32288	29824	0	101075	35168
84.56	23341ca4e4830bee	63008	2281987	8192	32288	29824	0	101071	35168
84.56	23341ca4e4830bee	63008	2282178	8192	32288	29824	0	101071	35168
84.56	23341ca4e4830bee	63008	2282370	8192	32288	29824	0	101071	35168
84.56	23341ca4e4830bee	63008	2282561	8320	32256	29856	0	101071	35168
84.56	23341ca4e4830bee	63008	2282752	8320	32256	29856	0	101073	35168
84.56	23341ca4e4830bee	63008	2282934	8320	32256	29856	0	101067	35168
84.56	23341ca4e4830bee	63008	2283125	8320	32256	29856	0	101067	35168
84.56	23341ca4e4830bee	63008	2283364	8320	32240	29840	0	101071	35184
84.56	23341ca4e4830bee	63008	2283555	8320	32240	29840	0	101061	35184
84.56	23341ca4e4830bee	63008	2283746	8320	32240	29840	0	101067	35184
84.56	23341ca4e4830bee	63008	2283938	8192	32240	29840	0	101077	35152
84.56	23341ca4e4830bee	63008	2284129	8192	32240	29872	0	101077	35152
84.56	23341ca4e4830bee	63008	2284320	8192	32240	29872	0	101079	35152
84.56	23341ca4e4830bee	63008	2284518	8192	32240	29872	0	101077	35152
84.56	23341ca4e4830bee	63008	2284709	8192	32256	29824	0	101071	35136
84.56	23341ca4e4830bee	63008	2284900	8192	32256	29824	0	101077	35136
84.56	23341ca4e4830bee	63008	2285091	8192	32256	29824	0	101077	35136
84.56	23341ca4e4830bee	63008	2285282	8192	32256	29824	0	101071	35136
84.56	23341ca4e4830bee	63008	2285463	8320	32272	29824	0	101067	35200
84.38	23341ca4e4830bee	63008	2285654	8320	32272	29824	0	101067	35200
84.56	23341ca4e4830bee	63008	2285846	8320	32272	29824	0	101075	35200
84.38	23341ca4e4830bee	63008	2286037	8320	32272	29824	0	101079	35200
84.56	23341ca4e4830bee	63008	2286228	8320	32256	29808	0	101073	35168
84.56	23341ca4e4830bee	63008	2286427	8320	32256	29808	0	101067	35168
84.56	23341ca4e4830bee	63008	2286618	8320	32256	29808	0	101073	35168
84.56	23341ca4e4830bee	63008	2286810	8320	32256	29808	0	101071	35168
84.56	23341ca4e4830bee	63008	2287001	8320	32288	29872	0	101073	35168
84.56	23341ca4e4830bee	63008	2287230	8320	32288	29872	0	101073	35168
84.56	23341ca4e4830bee	63008	2287421	8320	32288	29872	0	101077	35168
84.56	23341ca4e4830bee	63008	2287613	8320	32256	29824	0	101067	35136
84.56	23341ca4e4830bee	63008	2287794	8320	32256	29824	0	101067	35136
84.56	23341ca4e4830bee	63008	2287985	8320	32256	29824	0	101071	35136
84.56	23341ca4e4830bee	63008	2288176	8320	32256	29824	0	101071	35136
84.56	23341ca4e4830bee	63008	2288367	8320	32304	29792	0	101069	35184
84.56	23341ca4e4830bee	63008	2288558	8320	32304	29792	0	101077	35184
84.56	23341ca4e4830bee	63008	2288749	8320	32304	29792	0	101071	35184
84.56	23341ca4e4830bee	63008	2288940	8320	32304	29792	0	101079	35184
84.56	23341ca4e4830bee	63008	2289132	8320	32256	29824	0	101077	35184
84.56	23341ca4e4830bee	63008	2289323	8320	32256	29824	0	101065	35184
84.56	23341ca4e4830bee	63008	2289504	8320	32256	29824	0	101073	35184
84.56	23341ca4e4830bee	63008	2289695	8192	32256	29824	0	101071	35168
84.56	23341ca4e4830bee	63008	2289886	8192	32256	29840	0	101065	35168
84.56	23341ca4e4830bee	63008	2290077	8192	32256	29840	0	101075	35168
84.56	23341ca4e4830bee	63008	2290269	8192	32256	29840	0	101073	35168
84.56	23341ca4e4830bee	63008	2290460	8320	32288	29840	0	101071	35152
84.56	23341ca4e4830bee	63008	2290651	8320	32288	29808	0	101073	35152
84.38	23341ca4e4830bee	63008	2290842	8320	32288	29808	0	101073	35152
84.38	23341ca4e4830bee	63008	2291071	8320	32288	29808	0	101073	35152
84.56	23341ca4e4830bee	63008	2291262	8320	32240	29840	0	101079	35104
84.56	23341ca4e4830bee	63008	2291453	8320	32240	29840	0	101079	35104
84.56	23341ca4e4830bee	63008	2291644	8320	32240	29840	0	101075	35104
84.56	23341ca4e4830bee	63008	2291835	8320	32240	29840	0	101073	35104
84.38	23341ca4e4830bee	63008	2292026	8320	32304	29824	0	101073	35072
84.56	23341ca4e4830bee	63008	2292217	8320	32304	29824	0	101079	35072
84.56	23341ca4e4830bee	63008	2292408	8320	32304	29824	0	101073	35072
84.56	23341ca4e4830bee	63008	2292599	8320	32304	29824	0	101071	35168
84.56	23341ca4e4830bee	63008	2292790	8320	32288	29824	0	101077	35168
84.56	23341ca4e4830bee	63008	2292981	8320	32288	29824	0	101073	35168
84.56	23341ca4e4830bee	63008	2293173	8320	32288	29824	0	101077	35168
84.56	23341ca4e4830bee	63008	2293364	8320	32272	29840	0	101077	35184
84.56	23341ca4e4830bee	63008	2293555	8320	32272	29840	0	101073	35184
84.56	23341ca4e4830bee	63008	2293746	8320	32272	29840	0	101075	35184
84.56	23341ca4e4830bee	63008	2293937	8320	32272	29840	0	101079	35184
84.38	23341ca4e4830bee	63008	2294128	8320	32272	29840	0	101073	35152
84.56	23341ca4e4830bee	63008	2294320	8320	32272	29840	0	101067	35152
84.56	23341ca4e4830bee	63008	2294511	8320	32272	29840	0	101073	35152
84.56	23341ca4e4830bee	63008	2294702	8320	32272	29840	0	101077	35152
84.56	23341ca4e4830bee	63008	2294936	8320	32272	29824	0	101073	35216
84.56	23341ca4e4830bee	63008	2295127	8320	32272	29824	0	101073	35216
84.56	23341ca4e4830bee	63008	2295318	8320	32272	29824	0	101073	35216
84.56	23341ca4e4830bee	63008	2295510	8320	32256	29824	0	101071	35152
84.56	23341ca4e4830bee	63008	2295701	8320	32256	29888	0	101071	35152
84.56	23341ca4e4830bee	63008	2295892	8320	32256	29888	0	101067	35152
84.56	23341ca4e4830bee	63008	2296083	8320	32256	29888	0	101073	35152
84.38	23341ca4e4830bee	63008	2296283	8320	32272	29808	0	101073	35184
84.56	23341ca4e4830bee	63008	2296479	8320	32272	29808	0	101071	35184
84.56	23341ca4e4830bee	63008	2296670	8320	32272	29808	0	101071	35184
84.56	23341ca4e4830bee	63008	2296861	8320	32272	29808	0	101067	35184
84.56	23341ca4e4830bee	63008	2297052	8320	32240	29840	0	101067	35120
84.56	23341ca4e4830bee	63008	2297243	8320	32240	29840	0	101073	35120
84.56	23341ca4e4830bee	63008	2297424	8320	32240	29840	0	101073	35120
84.56	23341ca4e4830bee	63008	2297616	8320	32240	29840	0	101065	35120
84.56	23341ca4e4830bee	63008	2297807	8320	32272	29840	0	101079	35152
84.56	23341ca4e4830bee	63008	2297998	8320	32272	29840	0	101067	35152
84.56	23341ca4e4830bee	63008	2298189	8320	32272	29840	0	101067	35152
84.56	23341ca4e4830bee	63008	2298380	8320	32272	29840	0	101077	35168
84.56	23341ca4e4830bee	63008	2298602	8320	32240	29856	0	101075	35168
84.56	23341ca4e4830bee	63008	2298831	8320	32240	29856	0	101071	35168
84.56	23341ca4e4830bee	63008	2299022	8320	32240	29856	0	101059	35168
84.56	23341ca4e4830bee	63008	2299213	8320	32304	29808	0	101077	35184
84.56	23341ca4e4830bee	63008	2299404	8320	32304	29808	0	101071	35184
84.56	23341ca4e4830bee	63008	2299586	8320	32304	29808	0	101071	35184
84.56	23341ca4e4830bee	63008	2299777	8192	32304	29808	0	101067	35184
84.56	23341ca4e4830bee	63008	2299968	8192	32272	29840	0	101065	35168
84.56	23341ca4e4830bee	63008	2300159	8192	32272	29840	0	101077	35168
84.56	23341ca4e4830bee	63008	2300350	8192	32272	29840	0	101067	35168
84.56	23341ca4e4830bee	63008	2300541	8320	32272	29840	0	101071	35184
84.56	23341ca4e4830bee	63008	2300732	8320	32288	29856	0	101067	35184
84.56	23341ca4e4830bee	63008	2300923	8320	32288	29856	0	101071	35184
84.56	23341ca4e4830bee	63008	2301114	8320	32288	29856	0	101073	35184
84.56	23341ca4e4830bee	63008	2301296	8320	32272	29856	0	101071	35168
84.56	23341ca4e4830bee	63008	2301487	8320	32272	29808	0	101079	35168
84.56	23341ca4e4830bee	63008	2301678	8320	32272	29808	0	101073	35168
84.56	23341ca4e4830bee	63008	2301869	8320	32272	29808	0	101077	35168
84.56	23341ca4e4830bee	63008	2302061	8192	32224	29824	0	101077	35168
84.56	23341ca4e4830bee	63008	2302252	8192	32224	29824	0	101071	35168
84.56	23341ca4e4830bee	63008	2302443	8192	32224	29824	0	101067	35168
84.56	23341ca4e4830bee	63008	2302674	8320	32224	29824	0	101073	35168
84.56	23341ca4e4830bee	63008	2302865	8320	32288	29840	0	101067	35184
84.56	23341ca4e4830bee	63008	2303046	8320	32288	29840	0	101071	35184
84.56	23341ca4e4830bee	63008	2303237	8320	32288	29840	0	101065	35184
84.56	23341ca4e4830bee	63008	2303430	8320	32288	29840	0	101071	35184
84.56	23341ca4e4830bee	63008	2303622	8320	32256	29824	0	101071	35184
84.56	23341ca4e4830bee	63008	2303813	8320	32256	29824	0	101071	35184
84.56	23341ca4e4830bee	63008	2304004	8320	32256	29824	0	101071	35184
84.56	23341ca4e4830bee	63008	2304195	8320	32240	29808	0	101073	35184
84.56	23341ca4e4830bee	63008	2304376	8320	32240	29808	0	101073	35184
84.56	23341ca4e4830bee	63008	2304567	8320	32240	29808	0	101075	35184
84.56	23341ca4e4830bee	63008	2304758	8320	32240	29808	0	101071	35184
84.56	23341ca4e4830bee	63008	2304949	8192	32256	29872	0	101069	35168
84.56	23341ca4e4830bee	63008	2305140	8192	32256	29872	0	101071	35168
84.56	23341ca4e4830bee	63008	2305332	8192	32256	29872	0	101075	35168
84.56	23341ca4e4830bee	63008	2305523	8192	32256	29872	0	101075	35168
84.56	23341ca4e4830bee	63008	2305714	8320	32256	29824	0	101077	35168
84.56	23341ca4e4830bee	63008	2305905	8320	32256	29824	0	101077	35168
84.56	23341ca4e4830bee	63008	2306096	8320	32256	29824	0	101071	35168
84.56	23341ca4e4830bee	63008	2306288	8320	32256	29824	0	101069	35168
84.56	23341ca4e4830bee	63024	2306520	8320	32272	29824	0	101073	35152
84.56	23341ca4e4830bee	63024	2306711	8320	32272	29824	0	101081	35152
84.56	23341ca4e4830bee	63024	2306902	8320	32272	29824	0	101063	35152
84.56	23341ca4e4830bee	63008	2307093	8320	32272	29792	0	101069	35168
84.56	23341ca4e4830bee	63008	2307285	8320	32272	29792	0	101063	35168
84.56	23341ca4e4830bee	63008	2307466	8320	32272	29792	0	101063	35168
84.56	23341ca4e4830bee	63008	2307657	8320	32272	29792	0	101067	35168
84.56	23341ca4e4830bee	63008	2307848	8320	32256	29808	0	101073	35120
84.56	23341ca4e4830bee	63008	2308039	8320	32256	29808	0	101061	35120
84.56	23341ca4e4830bee	63008	2308230	8320	32256	29808	0	101067	35120
84.56	23341ca4e4830bee	63008	2308432	8320	32256	29808	0	101069	35120
84.56	23341ca4e4830bee	63008	2308623	8320	32256	29856	0	101069	35168
84.56	23341ca4e4830bee	63008	2308815	8320	32256	29856	0	101073	35168
84.56	23341ca4e4830bee	63008	2308996	8320	32256	29856	0	101067	35168
84.56	23341ca4e4830bee	63008	2309187	8192	32256	29856	0	101069	35168
84.56	23341ca4e4830bee	63008	2309378	8192	32256	29856	0	101073	35184
84.56	23341ca4e4830bee	63008	2309570	8192	32256	29856	0	101073	35184
84.56	23341ca4e4830bee	63008	2309761	8192	32256	29856	0	101069	35184
84.56	23341ca4e4830bee	63008	2309952	8192	32256	29856	0	101059	35152
84.56	23341ca4e4830bee	63008	2310143	8192	32240	29824	0	101073	35152
84.56	23341ca4e4830bee	63008	2310374	8192	32240	29824	0	101067	35152
84.56	23341ca4e4830bee	63008	2310565	8192	32240	29824	0	101069	35152
84.56	23341ca4e4830bee	63008	2310746	8320	32288	29808	0	101069	35184
84.56	23341ca4e4830bee	63008	2310938	8320	32288	29808	0	101065	35184
84.56	23341ca4e4830bee	63008	2311129	8320	32288	29808	0	101069	35184
84.56	23341ca4e4830bee	63008	2311320	8320	32288	29808	0	101073	35184
84.56	23341ca4e4830bee	63008	2311511	8320	32288	29776	0	101067	35152
84.56	23341ca4e4830bee	63008	2311702	8320	32288	29776	0	101075	35152
84.56	23341ca4e4830bee	63008	2311893	8320	32288	29776	0	101077	35152
84.56	23341ca4e4830bee	63008	2312084	8320	32288	29776	0	101073	35152
84.56	23341ca4e4830bee	63008	2312275	8320	32272	29824	0	101081	35152
84.56	23341ca4e4830bee	63008	2312457	8320	32272	29824	0	101071	35152
84.56	23341ca4e4830bee	63008	2312648	8320	32272	29824	0	101071	35152
84.56	23341ca4e4830bee	63008	2312839	8320	32272	29824	0	101073	35152
84.56	23341ca4e4830bee	63008	2313030	8320	32256	29824	0	101077	35152
84.56	23341ca4e4830bee	63008	2313221	8320	32256	29824	0	101073	35152
84.56	23341ca4e4830bee	63008	2313412	8320	32256	29824	0	101073	35152
84.56	23341ca4e4830bee	63008	2313604	8192	32256	29824	0	101073	35168
84.56	23341ca4e4830bee	63008	2313802	8192	32256	29824	0	101071	35168
84.56	23341ca4e4830bee	63008	2313993	8192	32256	29824	0	101059	35168
84.56	23341ca4e4830bee	63008	2314221	8320	32256	29824	0	101077	35168
84.56	23341ca4e4830bee	63008	2314412	8320	32240	29872	0	101073	35120
84.56	23341ca4e4830bee	63008	2314603	8320	32240	29872	0	101073	35120
84.56	23341ca4e4830bee	63008	2314794	8320	32240	29872	0	101069	35120
84.56	23341ca4e4830bee	63008	2314986	8320	32240	29872	0	101073	35184
84.56	23341ca4e4830bee	63008	2315167	8320	32272	29840	0	101061	35184
84.56	23341ca4e4830bee	63008	2315358	8320	32272	29840	0	101077	35184
84.56	23341ca4e4830bee	63008	2315549	8320	32272	29840	0	101065	35184
84.56	23341ca4e4830bee	63008	2315740	8320	32288	29840	0	101067	35152
84.56	23341ca4e4830bee	63008	2315931	8320	32288	29856	0	101073	35152
84.56	23341ca4e4830bee	63008	2316123	8320	32288	29856	0	101077	35152
84.56	23341ca4e4830bee	63008	2316314	8320	32288	29856	0	101063	35152
84.56	23341ca4e4830bee	63008	2316505	8192	32272	29824	0	101067	35184
84.56	23341ca4e4830bee	63008	2316696	8192	32272	29824	0	101063	35184
84.56	23341ca4e4830bee	63008	2316877	8192	32272	29824	0	101059	35184
84.56	23341ca4e4830bee	63008	2317068	8192	32272	29824	0	101069	35184
84.56	23341ca4e4830bee	63008	2317260	8320	32304	29824	0	101071	35104
84.56	23341ca4e4830bee	63008	2317456	8320	32304	29824	0	101073	35104
84.56	23341ca4e4830bee	63008	2317637	8320	32304	29824	0	101077	35104
84.56	23341ca4e4830bee	63008	2317828	8320	32304	29824	0	101063	35104
84.56	23341ca4e4830bee	63008	2318077	8320	32256	29808	0	101071	35184
84.56	23341ca4e4830bee	63008	2318268	8320	32256	29808	0	101073	35184
84.56	23341ca4e4830bee	63008	2318460	8320	32256	29808	0	101067	35184
84.56	23341ca4e4830bee	63008	2318651	8320	32288	29856	0	101073	35136
84.56	23341ca4e4830bee	63008	2318842	8320	32288	29856	0	101067	35136
84.56	23341ca4e4830bee	63008	2319033	8320	32288	29856	0	101067	35136
84.56	23341ca4e4830bee	63008	2319224	8320	32288	29856	0	101073	35136
84.56	23341ca4e4830bee	63008	2319415	8320	32304	29792	0	101073	35168
84.56	23341ca4e4830bee	63008	2319606	8320	32304	29792	0	101077	35168
84.56	23341ca4e4830bee	63008	2319787	8320	32304	29792	0	101077	35168
84.56	23341ca4e4830bee	63008	2319978	8320	32304	29792	0	101073	35168
84.56	23341ca4e4830bee	63008	2320169	8320	32304	29840	0	101067	35184
84.56	23341ca4e4830bee	63008	2320361	8320	32304	29840	0	101071	35184
84.56	23341ca4e4830bee	63008	2320552	8320	32304	29840	0	101077	35184
84.56	23341ca4e4830bee	63008	2320743	8192	32304	29840	0	101071	35184
84.56	23341ca4e4830bee	63008	2320935	8192	32288	29824	0	101071	35104
84.56	23341ca4e4830bee	63008	2321126	8192	32288	29824	0	101071	35104
84.56	23341ca4e4830bee	63008	2321317	8192	32288	29824	0	101073	35104
84.56	23341ca4e4830bee	63008	2321508	8320	32288	29824	0	101067	35104
84.56	23341ca4e4830bee	63008	2321699	8320	32256	29840	0	101067	35104
84.56	23341ca4e4830bee	63008	2321941	8320	32256	29840	0	101067	35104
84.56	23341ca4e4830bee	63008	2322132	8320	32256	29840	0	101073	35104
84.56	23341ca4e4830bee	63008	2322323	8320	32272	29840	0	101073	35184
84.56	23341ca4e4830bee	63008	2322514	8320	32272	29840	0	101071	35184
84.56	23341ca4e4830bee	63008	2322705	8320	32272	29840	0	101077	35184
84.56	23341ca4e4830bee	63008	2322897	8320	32272	29840	0	101073	35184
84.56	23341ca4e4830bee	63008	2323078	8320	32272	29824	0	101067	35168
84.56	23341ca4e4830bee	63008	2323269	8320	32272	29824	0	101073	35168
84.56	23341ca4e4830bee	63008	2323460	8320	32272	29824	0	101067	35168
84.56	23341ca4e4830bee	63008	2323651	8320	32272	29824	0	101079	35136
84.56	23341ca4e4830bee	63008	2323842	8320	32256	29840	0	101077	35136
84.56	23341ca4e4830bee	63008	2324033	8320	32256	29840	0	101077	35136
84.56	23341ca4e4830bee	63008	2324224	8320	32256	29840	0	101071	35136
84.56	23341ca4e4830bee	63008	2324416	8320	32288	29840	0	101077	35136
84.56	23341ca4e4830bee	63008	2324607	8320	32288	29840	0	101075	35136
84.56	23341ca4e4830bee	63008	2324788	8320	32288	29840	0	101061	35136
84.56	23341ca4e4830bee	63008	2324979	8320	32288	29840	0	101069	35136
84.56	23341ca4e4830bee	63008	2325170	8320	32304	29840	0	101067	35200
84.56	23341ca4e4830bee	63008	2325362	8320	32304	29840	0	101069	35200
84.56	23341ca4e4830bee	63008	2325553	8320	32304	29840	0	101075	35200
84.56	23341ca4e4830bee	63008	2325793	8320	32304	29840	0	101073	35200
84.56	23341ca4e4830bee	63008	2325984	8320	32272	29808	0	101071	35152
84.56	23341ca4e4830bee	63008	2326175	8320	32272	29808	0	101069	35152
84.56	23341ca4e4830bee	63008	2326366	8320	32272	29808	0	101073	35152
84.56	23341ca4e4830bee	63008	2326557	8320	32272	29808	0	101075	35136
84.56	23341ca4e4830bee	63008	2326738	8320	32256	29872	0	101069	35136
84.56	23341ca4e4830bee	63008	2326930	8320	32256	29872	0	101075	35136
84.56	23341ca4e4830bee	63008	2327121	8320	32256	29872	0	101075	35136
84.56	23341ca4e4830bee	63008	2327312	8320	32272	29808	0	101069	35184
84.56	23341ca4e4830bee	63008	2327503	8320	32272	29808	0	101073	35184
84.56	23341ca4e4830bee	63008	2327694	8320	32272	29808	0	101069	35184
84.56	23341ca4e4830bee	63008	2327885	8320	32272	29808	0	101073	35184
84.56	23341ca4e4830bee	63008	2328076	8320	32224	29808	0	101073	35136
84.56	23341ca4e4830bee	63008	2328268	8320	32224	29808	0	101067	35136
84.56	23341ca4e4830bee	63008	2328459	8320	32224	29808	0	101073	35136
84.56	23341ca4e4830bee	63008	2328650	8320	32224	29808	0	101075	35136
84.56	23341ca4e4830bee	63008	2328841	8192	32288	29824	0	101069	35200
84.56	23341ca4e4830bee	63008	2329032	8192	32288	29824	0	101067	35200
84.56	23341ca4e4830bee	63008	2329224	8192	32288	29824	0	101063	35200
84.56	23341ca4e4830bee	63008	2329415	8320	32288	29824	0	101073	35200
84.56	23341ca4e4830bee	62992	2329647	8320	32240	29824	0	101077	35168
84.56	23341ca4e4830bee	62992	2329838	8320	32240	29824	0	101079	35168
84.56	23341ca4e4830bee	62992	2330019	8320	32240	29824	0	101069	35168
84.56	23341ca4e4830bee	63008	2330210	8320	32288	29824	0	101075	35168
84.56	23341ca4e4830bee	63008	2330401	8320	32288	29824	0	101071	35168
84.56	23341ca4e4830bee	63008	2330592	8320	32288	29824	0	101063	35168
84.56	23341ca4e4830bee	63008	2330783	8320	32288	29824	0	101067	35168
84.56	23341ca4e4830bee	63008	2330974	8320	32304	29840	0	101067	35184
84.56	23341ca4e4830bee	63008	2331165	8320	32304	29840	0	101073	35184
84.56	23341ca4e4830bee	63008	2331356	8320	32304	29840	0	101073	35184
84.56	23341ca4e4830bee	63008	2331547	8320	32304	29840	0	101067	35184
84.56	23341ca4e4830bee	63008	2331729	8320	32256	29840	0	101085	35184
84.56	23341ca4e4830bee	63008	2331920	8320	32256	29840	0	101079	35184
84.56	23341ca4e4830bee	63008	2332111	8320	32256	29840	0	101061	35184
84.56	23341ca4e4830bee	63008	2332302	8320	32256	29840	0	101067	35184
84.56	23341ca4e4830bee	63008	2332493	8320	32240	29856	0	101067	35152
84.56	23341ca4e4830bee	63008	2332685	8320	32240	29856	0	101071	35152
84.56	23341ca4e4830bee	63008	2332876	8320	32240	29856	0	101063	35152
84.56	23341ca4e4830bee	63008	2333067	8320	32240	29856	0	101067	35168
84.56	23341ca4e4830bee	63008	2333248	8320	32256	29808	0	101065	35168
84.56	23341ca4e4830bee	63008	2333494	8320	32256	29808	0	101071	35168
84.56	23341ca4e4830bee	63008	2333686	8320	32256	29808	0	101071	35168
84.56	23341ca4e4830bee	63008	2333877	8320	32288	29824	0	101073	35168
84.74	23341ca4e4830bee	63008	2334068	8320	32288	29824	0	101079	35168
84.74	23341ca4e4830bee	63008	2334249	8320	32288	29824	0	101077	35168
84.56	23341ca4e4830bee	63008	2334449	8320	32288	29824	0	101061	35168
84.74	23341ca4e4830bee	63008	2334640	8320	32240	29872	0	101075	35184
84.74	23341ca4e4830bee	63008	2334831	8320	32240	29872	0	101075	35184
84.74	23341ca4e4830bee	63008	2335022	8320	32240	29872	0	101073	35184
84.74	23341ca4e4830bee	63008	2335213	8320	32240	29872	0	101071	35168
84.56	23341ca4e4830bee	63008	2335404	8320	32240	29856	0	101067	35168
84.74	23341ca4e4830bee	63008	2335596	8320	32240	29856	0	101077	35168
84.74	23341ca4e4830bee	63008	2335787	8320	32240	29856	0	101075	35168
84.74	23341ca4e4830bee	63008	2335978	8320	32272	29824	0	101069	35200
84.74	23341ca4e4830bee	63008	2336159	8320	32272	29824	0	101081	35200
84.74	23341ca4e4830bee	63008	2336350	8320	32272	29824	0	101075	35200
84.74	23341ca4e4830bee	63008	2336541	8320	32272	29824	0	101083	35200
84.74	23341ca4e4830bee	63008	2336733	8320	32288	29840	0	101071	35200
84.74	23341ca4e4830bee	63008	2336924	8320	32288	29840	0	101065	35200
84.74	23341ca4e4830bee	63008	2337115	8320	32288	29840	0	101065	35200
84.74	23341ca4e4830bee	63008	2337346	8320	32288	29840	0	101075	35200
84.74	23341ca4e4830bee	63008	2337537	8320	32256	29856	0	101075	35120
84.74	23341ca4e4830bee	63008	2337728	8320	32256	29856	0	101071	35120
84.74	23341ca4e4830bee	63008	2337909	8320	32256	29856	0	101061	35120
84.74	23341ca4e4830bee	63008	2338100	8320	32256	29856	0	101077	35104
84.74	23341ca4e4830bee	63008	2338291	8320	32240	29840	0	101077	35104
84.74	23341ca4e4830bee	63008	2338483	8320	32240	29840	0	101079	35104
84.74	23341ca4e4830bee	63008	2338674	8320	32240	29840	0	101079	35104
84.74	23341ca4e4830bee	63008	2338865	8320	32240	29840	0	101075	35056
84.74	23341ca4e4830bee	63008	2339056	8320	32240	29840	0	101079	35056
84.74	23341ca4e4830bee	63008	2339247	8320	32240	29840	0	101071	35056
84.74	23341ca4e4830bee	63008	2339450	8320	32240	29840	0	101071	35056
84.74	23341ca4e4830bee	63008	2339653	8320	32256	29808	0	101069	35120
84.74	23341ca4e4830bee	63008	2339845	8320	32256	29808	0	101071	35120
84.74	23341ca4e4830bee	63008	2340036	8320	32256	29808	0	101069	35120
84.74	23341ca4e4830bee	63008	2340227	8320	32256	29808	0	101077	35120
84.74	23341ca4e4830bee	63008	2340450	8320	32304	29824	0	101069	35136
84.74	23341ca4e4830bee	63008	2340646	8320	32304	29824	0	101073	35136
84.74	23341ca4e4830bee	63008	2340837	8320	32304	29824	0	101079	35136
84.74	23341ca4e4830bee	63008	2341029	8320	32256	29824	0	101077	35184
84.74	23341ca4e4830bee	63008	2341258	8320	32256	29840	0	101073	35184
84.74	23341ca4e4830bee	63008	2341457	8320	32256	29840	0	101077	35184
84.74	23341ca4e4830bee	63008	2341648	8320	32256	29840	0	101083	35184
84.74	23341ca4e4830bee	63008	2341839	8320	32272	29856	0	101077	35184
84.74	23341ca4e4830bee	63008	2342020	8320	32272	29856	0	101083	35184
84.74	23341ca4e4830bee	63008	2342211	8320	32272	29856	0	101077	35184
84.74	23341ca4e4830bee	63008	2342402	8320	32272	29856	0	101077	35184
84.74	23341ca4e4830bee	63008	2342593	8320	32256	29856	0	101077	35184
84.74	23341ca4e4830bee	63008	2342785	8320	32256	29856	0	101073	35184
84.74	23341ca4e4830bee	63008	2342976	8320	32256	29856	0	101073	35184
84.74	23341ca4e4830bee	63008	2343167	8320	32256	29856	0	101071	35152
84.74	23341ca4e4830bee	63008	2343358	8320	32288	29824	0	101065	35152
84.74	23341ca4e4830bee	63008	2343549	8320	32288	29824	0	101071	35152
84.74	23341ca4e4830bee	63008	2343730	8320	32288	29824	0	101073	35152
84.74	23341ca4e4830bee	63008	2343930	8320	32256	29856	0	101071	35184
84.74	23341ca4e4830bee	63008	2344122	8320	32256	29856	0	101079	35184
84.74	23341ca4e4830bee	63008	2344313	8320	32256	29856	0	101067	35184
84.74	23341ca4e4830bee	63008	2344516	8320	32256	29856	0	101073	35184
84.74	23341ca4e4830bee	63008	2344707	8192	32240	29824	0	101071	35200
84.74	23341ca4e4830bee	63008	2344899	8192	32240	29824	0	101071	35200
84.74	23341ca4e4830bee	63008	2345130	8192	32240	29824	0	101073	35200
84.74	23341ca4e4830bee	63008	2345311	8320	32240	29824	0	101077	35200
84.74	23341ca4e4830bee	63008	2345502	8320	32256	29824	0	101071	35136
84.74	23341ca4e4830bee	63008	2345693	8320	32256	29824	0	101067	35136
84.74	23341ca4e4830bee	63008	2345884	8320	32256	29824	0	101067	35136
84.74	23341ca4e4830bee	63008	2346078	8192	32240	29824	0	101075	35168
84.74	23341ca4e4830bee	63008	2346269	8192	32240	29840	0	101065	35168
84.74	23341ca4e4830bee	63008	2346460	8192	32240	29840	0	101067	35168
84.74	23341ca4e4830bee	63008	2346641	8192	32240	29840	0	101067	35168
84.74	23341ca4e4830bee	63008	2346833	8320	32272	29840	0	101075	35184
84.74	23341ca4e4830bee	63008	2347024	8320	32272	29840	0	101075	35184
84.74	23341ca4e4830bee	63008	2347215	8320	32272	29840	0	101071	35184
84.74	23341ca4e4830bee	63008	2347406	8320	32272	29840	0	101075	35184
84.74	23341ca4e4830bee	63008	2347597	8320	32256	29888	0	101063	35152
84.74	23341ca4e4830bee	63008	2347788	8320	32256	29888	0	101069	35152
84.74	23341ca4e4830bee	63008	2347979	8320	32256	29888	0	101073	35152
84.74	23341ca4e4830bee	63008	2348171	8320	32256	29888	0	101075	35152
84.74	23341ca4e4830bee	63008	2348362	8320	32272	29824	0	101071	35152
84.74	23341ca4e4830bee	63008	2348553	8320	32272	29824	0	101073	35152
84.74	23341ca4e4830bee	63008	2348744	8320	32272	29824	0	101063	35152
84.74	23341ca4e4830bee	63008	2348986	8320	32272	29792	0	101065	35168
84.74	23341ca4e4830bee	63008	2349177	8320	32272	29792	0	101079	35168
84.74	23341ca4e4830bee	63008	2349368	8320	32272	29792	0	101079	35168
84.74	23341ca4e4830bee	63008	2349559	8320	32272	29792	0	101063	35168
84.74	23341ca4e4830bee	63008	2349750	8320	32256	29872	0	101069	35136
84.74	23341ca4e4830bee	63008	2349931	8320	32256	29872	0	101069	35136
84.74	23341ca4e4830bee	63008	2350122	8320	32256	29872	0	101065	35136
84.74	23341ca4e4830bee	63008	2350313	8320	32256	29872	0	101079	35136
84.74	23341ca4e4830bee	63008	2350504	8320	32272	29824	0	101067	35120
84.74	23341ca4e4830bee	63008	2350695	8320	32272	29824	0	101069	35120
84.74	23341ca4e4830bee	63008	2350887	8320	32272	29824	0	101067	35120
84.74	23341ca4e4830bee	63008	2351078	8320	32272	29824	0	101075	35120
84.74	23341ca4e4830bee	63008	2351269	8320	32256	29856	0	101069	35184
84.74	23341ca4e4830bee	63008	2351460	8320	32256	29856	0	101073	35184
84.74	23341ca4e4830bee	63008	2351641	8320	32256	29856	0	101079	35184
84.74	23341ca4e4830bee	63008	2351832	8320	32256	29856	0	101077	35152
84.74	23341ca4e4830bee	63008	2352024	8320	32256	29840	0	101069	35152
84.74	23341ca4e4830bee	63008	2352215	8320	32256	29840	0	101071	35152
84.74	23341ca4e4830bee	63008	2352406	8320	32256	29840	0	101071	35152
84.74	23341ca4e4830bee	63008	2352597	8320	32288	29808	0	101067	35216
84.74	23341ca4e4830bee	63008	2352836	8320	32288	29808	0	101067	35216
84.74	23341ca4e4830bee	63008	2353027	8320	32288	29808	0	101079	35216
84.74	23341ca4e4830bee	63008	2353218	8320	32288	29808	0	101077	35216
84.74	23341ca4e4830bee	63008	2353409	8320	32272	29856	0	101073	35072
84.74	23341ca4e4830bee	63008	2353600	8320	32272	29856	0	101073	35072
84.74	23341ca4e4830bee	63008	2353791	8320	32272	29856	0	101069	35072
84.74	23341ca4e4830bee	63008	2353982	8320	32272	29856	0	101079	35072
84.74	23341ca4e4830bee	63008	2354174	8320	32256	29824	0	101075	35168
84.74	23341ca4e4830bee	63008	2354365	8320	32256	29824	0	101069	35168
84.74	23341ca4e4830bee	63008	2354556	8320	32256	29824	0	101069	35168
84.74	23341ca4e4830bee	63008	2354747	8320	32256	29824	0	101073	35168
84.74	23341ca4e4830bee	63008	2354938	8320	32256	29840	0	101065	35168
84.74	23341ca4e4830bee	63008	2355130	8320	32256	29840	0	101077	35168
84.74	23341ca4e4830bee	63008	2355321	8320	32256	29840	0	101071	35168
84.74	23341ca4e4830bee	63008	2355502	8320	32288	29840	0	101073	35184
84.74	23341ca4e4830bee	63008	2355693	8320	32288	29840	0	101071	35184
84.74	23341ca4e4830bee	63008	2355885	8320	32288	29840	0	101071	35184
84.74	23341ca4e4830bee	63008	2356076	8320	32288	29840	0	101077	35184
84.74	23341ca4e4830bee	63008	2356267	8320	32256	29840	0	101077	35120
84.74	23341ca4e4830bee	63008	2356458	8320	32256	29840	0	101071	35120
84.74	23341ca4e4830bee	63008	2356677	8320	32256	29840	0	101077	35120
84.74	23341ca4e4830bee	63008	2356868	8320	32256	29840	0	101071	35120
84.74	23341ca4e4830bee	63008	2357059	8320	32272	29824	0	101071	35184
84.74	23341ca4e4830bee	63008	2357250	8320	32272	29824	0	101071	35184
84.74	23341ca4e4830bee	63008	2357442	8320	32272	29824	0	101073	35184
84.74	23341ca4e4830bee	62992	2357633	8320	32272	29824	0	101077	35184
84.74	23341ca4e4830bee	62992	2357824	8320	32272	29840	0	101065	35184
84.74	23341ca4e4830bee	62992	2358015	8320	32272	29840	0	101071	35184
84.74	23341ca4e4830bee	62992	2358206	8320	32272	29840	0	101071	35184
84.74	23341ca4e4830bee	63008	2358397	8320	32256	29856	0	101077	35104
84.74	23341ca4e4830bee	63008	2358588	8320	32256	29856	0	101071	35104
84.74	23341ca4e4830bee	63008	2358780	8320	32256	29856	0	101071	35104
84.74	23341ca4e4830bee	63008	2358971	8320	32256	29856	0	101063	35104
84.74	23341ca4e4830bee	63008	2359152	8320	32288	29888	0	101077	35136
84.74	23341ca4e4830bee	63008	2359343	8320	32288	29888	0	101071	35136
84.74	23341ca4e4830bee	63008	2359542	8320	32288	29888	0	101075	35136
84.92	23341ca4e4830bee	63008	2359733	8320	32288	29888	0	101075	35136
84.74	23341ca4e4830bee	63008	2359924	8320	32288	29872	0	101069	35152
84.74	23341ca4e4830bee	63008	2360116	8320	32288	29872	0	101075	35152
84.74	23341ca4e4830bee	63008	2360307	8320	32288	29872	0	101069	35152
84.74	23341ca4e4830bee	63008	2360547	8320	32240	29840	0	101065	35120
84.74	23341ca4e4830bee	63008	2360738	8320	32240	29840	0	101071	35120
84.74	23341ca4e4830bee	63008	2360929	8320	32240	29840	0	101071	35120
84.92	23341ca4e4830bee	63008	2361120	8320	32240	29840	0	101075	35120
84.74	23341ca4e4830bee	63008	2361311	8320	32240	29808	0	101077	35136
84.92	23341ca4e4830bee	63008	2361492	8320	32240	29808	0	101075	35136
84.74	23341ca4e4830bee	63008	2361684	8320	32240	29808	0	101071	35136
84.92	23341ca4e4830bee	63008	2361875	8320	32240	29808	0	101077	35136
84.92	23341ca4e4830bee	63008	2362066	8320	32288	29824	0	101077	35152
84.92	23341ca4e4830bee	63008	2362257	8320	32288	29824	0	101077	35152
84.92	23341ca4e4830bee	63008	2362448	8320	32288	29824	0	101077	35152
84.92	23341ca4e4830bee	63008	2362639	8320	32288	29824	0	101073	35152
84.92	23341ca4e4830bee	63008	2362830	8320	32256	29856	0	101087	35152
84.92	23341ca4e4830bee	63008	2363022	8320	32256	29856	0	101067	35152
84.92	23341ca4e4830bee	63008	2363203	8320	32256	29856	0	101073	35152
84.74	23341ca4e4830bee	63008	2363394	8320	32256	29856	0	101069	35168
84.74	23341ca4e4830bee	63008	2363585	8320	32224	29792	0	101065	35168
84.92	23341ca4e4830bee	63008	2363776	8320	32224	29792	0	101079	35168
84.92	23341ca4e4830bee	63008	2363968	8320	32224	29792	0	101075	35168
84.92	23341ca4e4830bee	63008	2364159	8320	32272	29824	0	101075	35200
84.92	23341ca4e4830bee	63008	2364387	8320	32272	29824	0	101073	35200
84.92	23341ca4e4830bee	63008	2364578	8320	32272	29824	0	101073	35200
84.92	23341ca4e4830bee	63008	2364770	8320	32272	29824	0	101073	35200
84.92	23341ca4e4830bee	63008	2364961	8320	32272	29840	0	101069	35120
84.92	23341ca4e4830bee	63008	2365152	8320	32272	29840	0	101075	35120
84.92	23341ca4e4830bee	63008	2365333	8320	32272	29840	0	101067	35120
84.92	23341ca4e4830bee	63008	2365524	8320	32272	29840	0	101067	35120
84.92	23341ca4e4830bee	63008	2365715	8320	32272	29808	0	101073	35120
84.92	23341ca4e4830bee	63008	2365906	8320	32272	29808	0	101067	35120
84.92	23341ca4e4830bee	63008	2366097	8320	32272	29808	0	101073	35120
84.92	23341ca4e4830bee	63008	2366288	8320	32272	29808	0	101077	35216
84.92	23341ca4e4830bee	63008	2366479	8320	32240	29872	0	101081	35216
84.92	23341ca4e4830bee	63008	2366671	8320	32240	29872	0	101067	35216
84.92	23341ca4e4830bee	63008	2366862	8320	32240	29872	0	101073	35216
84.92	23341ca4e4830bee	63008	2367043	8320	32272	29808	0	101079	35152
84.92	23341ca4e4830bee	63008	2367234	8320	32272	29808	0	101067	35152
84.92	23341ca4e4830bee	63008	2367425	8320	32272	29808	0	101067	35152
84.92	23341ca4e4830bee	63008	2367617	8320	32272	29808	0	101073	35152
84.92	23341ca4e4830bee	63024	2367808	8320	32272	29824	0	101077	35168
84.92	23341ca4e4830bee	63024	2367999	8320	32272	29824	0	101069	35168
84.92	23341ca4e4830bee	63024	2368229	8320	32272	29824	0	101073	35168
84.92	23341ca4e4830bee	63024	2368420	8320	32272	29824	0	101067	35168
84.92	23341ca4e4830bee	63008	2368611	8320	32256	29792	0	101069	35184
84.92	23341ca4e4830bee	63008	2368802	8320	32256	29792	0	101069	35184
84.92	23341ca4e4830bee	63008	2368983	8320	32256	29792	0	101067	35184
84.92	23341ca4e4830bee	63024	2369174	8320	32256	29792	0	101069	35200
84.92	23341ca4e4830bee	63024	2369366	8320	32288	29840	0	101073	35200
84.92	23341ca4e4830bee	63024	2369557	8320	32288	29840	0	101069	35200
84.92	23341ca4e4830bee	63024	2369748	8320	32288	29840	0	101077	35200
84.92	23341ca4e4830bee	63008	2369939	8320	32272	29840	0	101069	35168
84.92	23341ca4e4830bee	63008	2370130	8320	32272	29840	0	101069	35168
84.92	23341ca4e4830bee	63008	2370322	8320	32272	29840	0	101075	35168
84.92	23341ca4e4830bee	63008	2370513	8320	32272	29840	0	101069	35168
84.92	23341ca4e4830bee	63008	2370704	8320	32288	29856	0	101075	35152
84.92	23341ca4e4830bee	63008	2370895	8320	32288	29856	0	101075	35152
84.92	23341ca4e4830bee	63008	2371086	8320	32288	29856	0	101077	35152
84.92	23341ca4e4830bee	63008	2371278	8320	32288	29856	0	101073	35152
84.92	23341ca4e4830bee	63008	2371476	8320	32240	29824	0	101067	35136
84.92	23341ca4e4830bee	63008	2371667	8320	32240	29824	0	101077	35136
84.92	23341ca4e4830bee	63008	2371858	8320	32240	29824	0	101075	35136
84.92	23341ca4e4830bee	63008	2372096	8320	32256	29824	0	101063	35152
84.92	23341ca4e4830bee	63008	2372287	8320	32256	29824	0	101067	35152
84.92	23341ca4e4830bee	63008	2372491	8320	32256	29824	0	101067	35152
84.92	23341ca4e4830bee	63008	2372682	8320	32256	29824	0	101069	35152
84.92	23341ca4e4830bee	63008	2372873	8320	32272	29840	0	101075	35200
84.92	23341ca4e4830bee	63008	2373064	8320	32272	29840	0	101071	35200
84.92	23341ca4e4830bee	63008	2373255	8320	32272	29840	0	101063	35200
84.92	23341ca4e4830bee	63008	2373446	8320	32272	29840	0	101065	35200
84.92	23341ca4e4830bee	63024	2373638	8320	32304	29840	0	101075	35152
84.92	23341ca4e4830bee	63024	2373829	8320	32304	29840	0	101069	35152
84.92	23341ca4e4830bee	63024	2374026	8320	32304	29840	0	101069	35152
84.92	23341ca4e4830bee	63024	2374217	8320	32304	29840	0	101075	35088
84.92	23341ca4e4830bee	63008	2374408	8320	32256	29808	0	101073	35088
84.92	23341ca4e4830bee	63008	2374600	8320	32256	29808	0	101073	35088
84.92	23341ca4e4830bee	63008	2374791	8320	32256	29808	0	101069	35088
84.92	23341ca4e4830bee	63008	2374982	8320	32288	29808	0	101063	35216
84.92	23341ca4e4830bee	63008	2375173	8320	32288	29824	0	101065	35216
84.92	23341ca4e4830bee	63008	2375354	8320	32288	29824	0	101067	35216
84.92	23341ca4e4830bee	63008	2375546	8320	32288	29824	0	101075	35216
84.92	23341ca4e4830bee	63008	2375737	8320	32256	29840	0	101083	35168
84.92	23341ca4e4830bee	63008	2375976	8320	32256	29840	0	101077	35168
84.92	23341ca4e4830bee	63008	2376167	8320	32256	29840	0	101075	35168
84.92	23341ca4e4830bee	63008	2376358	8320	32256	29840	0	101061	35168
84.92	23341ca4e4830bee	63008	2376550	8320	32272	29808	0	101073	35120
84.92	23341ca4e4830bee	63008	2376741	8320	32272	29808	0	101063	35120
84.92	23341ca4e4830bee	63008	2376932	8320	32272	29808	0	101069	35120
84.92	23341ca4e4830bee	63008	2377123	8320	32272	29808	0	101067	35232
84.92	23341ca4e4830bee	63008	2377304	8320	32240	29856	0	101063	35232
84.92	23341ca4e4830bee	63008	2377495	8320	32240	29856	0	101079	35232
84.92	23341ca4e4830bee	63008	2377686	8320	32240	29856	0	101077	35232
84.92	23341ca4e4830bee	63024	2377877	8320	32304	29840	0	101067	35200
84.92	23341ca4e4830bee	63024	2378069	8320	32304	29840	0	101063	35200
84.92	23341ca4e4830bee	63024	2378260	8320	32304	29840	0	101073	35200
84.92	23341ca4e4830bee	63024	2378451	8320	32304	29840	0	101073	35200
84.92	23341ca4e4830bee	63024	2378642	8320	32272	29872	0	101073	35152
84.92	23341ca4e4830bee	63024	2378833	8320	32272	29872	0	101073	35152
84.92	23341ca4e4830bee	63024	2379014	8320	32272	29872	0	101073	35152
84.92	23341ca4e4830bee	63024	2379206	8320	32272	29872	0	101075	35152
84.92	23341ca4e4830bee	63024	2379397	8448	32256	29840	0	101063	35120
84.92	23341ca4e4830bee	63024	2379588	8448	32256	29840	0	101073	35120
84.92	23341ca4e4830bee	63024	2379827	8448	32256	29840	0	101073	35120
84.92	23341ca4e4830bee	63024	2380018	8320	32256	29840	0	101073	35168
84.92	23341ca4e4830bee	63024	2380209	8320	32272	29840	0	101077	35168
84.92	23341ca4e4830bee	63024	2380401	8320	32272	29840	0	101067	35168
84.92	23341ca4e4830bee	63024	2380592	8320	32272	29840	0	101069	35168
84.92	23341ca4e4830bee	63024	2380783	8320	32272	29792	0	101073	35168
84.92	23341ca4e4830bee	63024	2380974	8320	32272	29792	0	101073	35168
84.92	23341ca4e4830bee	63024	2381155	8320	32272	29792	0	101067	35168
84.92	23341ca4e4830bee	63024	2381346	8320	32272	29792	0	101067	35168
84.92	23341ca4e4830bee	63024	2381537	8320	32288	29872	0	101063	35120
84.92	23341ca4e4830bee	63024	2381728	8320	32288	29872	0	101067	35120
84.92	23341ca4e4830bee	63024	2381919	8320	32288	29872	0	101073	35120
84.92	23341ca4e4830bee	63024	2382110	8320	32288	29872	0	101073	35120
84.92	23341ca4e4830bee	63008	2382302	8320	32256	29840	0	101073	35168
84.92	23341ca4e4830bee	63008	2382493	8320	32256	29840	0	101073	35168
84.92	23341ca4e4830bee	63008	2382690	8320	32256	29840	0	101067	35168
84.92	23341ca4e4830bee	63008	2382882	8320	32256	29840	0	101061	35120
84.92	23341ca4e4830bee	63024	2383073	8320	32256	29840	0	101063	35120
84.92	23341ca4e4830bee	63024	2383264	8320	32256	29840	0	101067	35120
84.92	23341ca4e4830bee	63024	2383455	8320	32256	29840	0	101069	35120